[ColorEffects:Disabled]
Color=56,56,56
ColorAmount=0
ColorEffect=0
ContrastAmount=0.65000000000000002
ContrastEffect=1
IntensityAmount=0.10000000000000001
IntensityEffect=2

[ColorEffects:Inactive]
ChangeSelectionColor=true
Color=112,111,110
ColorAmount=0.025000000000000001
ColorEffect=2
ContrastAmount=0.10000000000000001
ContrastEffect=2
Enable=false
IntensityAmount=0
IntensityEffect=0


[Colors:Button]
BackgroundAlternate=23,28,25
BackgroundNormal=23,28,25
DecorationFocus=85,133,155
DecorationHover=85,133,155
ForegroundActive=72,153,99
ForegroundInactive=135,146,138
ForegroundLink=71,140,144
ForegroundNegative=134,116,105
ForegroundNeutral=135,146,138
ForegroundNormal=223,231,226
ForegroundPositive=28,154,160
ForegroundVisited=85,133,155

[Colors:Selection]
BackgroundAlternate=85,133,155
BackgroundNormal=85,133,155
DecorationFocus=85,133,155
DecorationHover=85,133,155
ForegroundActive=72,153,99
ForegroundInactive=35,42,37
ForegroundLink=71,140,144
ForegroundNegative=134,116,105
ForegroundNeutral=135,146,138
ForegroundNormal=35,42,37
ForegroundPositive=28,154,160
ForegroundVisited=85,133,155

[Colors:Tooltip]
BackgroundAlternate=23,28,25
BackgroundNormal=23,28,25
DecorationFocus=85,133,155
DecorationHover=85,133,155
ForegroundActive=72,153,99
ForegroundInactive=135,146,138
ForegroundLink=71,140,144
ForegroundNegative=134,116,105
ForegroundNeutral=135,146,138
ForegroundNormal=223,231,226
ForegroundPositive=28,154,160
ForegroundVisited=85,133,155

[Colors:View]
BackgroundAlternate=23,28,25
BackgroundNormal=23,28,25
DecorationFocus=85,133,155
DecorationHover=85,133,155
ForegroundActive=72,153,99
ForegroundInactive=135,146,138
ForegroundLink=71,140,144
ForegroundNegative=134,116,105
ForegroundNeutral=135,146,138
ForegroundNormal=223,231,226
ForegroundPositive=28,154,160
ForegroundVisited=85,133,155

[Colors:Window]
BackgroundAlternate=23,28,25
BackgroundNormal=23,28,25
DecorationFocus=85,133,155
DecorationHover=85,133,155
ForegroundActive=72,153,99
ForegroundInactive=135,146,138
ForegroundLink=71,140,144
ForegroundNegative=134,116,105
ForegroundNeutral=135,146,138
ForegroundNormal=223,231,226
ForegroundPositive=28,154,160
ForegroundVisited=85,133,155

[General]
ColorScheme=Atelier Savanna Purple
Name=Atelier Savanna Purple
shadeSortColumn=true

[KDE]
contrast=4

[WM]
activeBackground=23,28,25
activeBlend=23,28,25
activeForeground=223,231,226
inactiveBackground=23,28,25
inactiveBlend=23,28,25
inactiveForeground=135,146,138
