[ColorEffects:Disabled]
Color=56,56,56
ColorAmount=0
ColorEffect=0
ContrastAmount=0.65000000000000002
ContrastEffect=1
IntensityAmount=0.10000000000000001
IntensityEffect=2

[ColorEffects:Inactive]
ChangeSelectionColor=true
Color=112,111,110
ColorAmount=0.025000000000000001
ColorEffect=2
ContrastAmount=0.10000000000000001
ContrastEffect=2
Enable=false
IntensityAmount=0
IntensityEffect=0


[Colors:Button]
BackgroundAlternate=22,27,29
BackgroundNormal=22,27,29
DecorationFocus=107,107,184
DecorationHover=107,107,184
ForegroundActive=86,140,59
ForegroundInactive=126,162,180
ForegroundLink=37,127,173
ForegroundNegative=183,45,210
ForegroundNeutral=126,162,180
ForegroundNormal=193,228,246
ForegroundPositive=45,143,111
ForegroundVisited=107,107,184

[Colors:Selection]
BackgroundAlternate=107,107,184
BackgroundNormal=107,107,184
DecorationFocus=107,107,184
DecorationHover=107,107,184
ForegroundActive=86,140,59
ForegroundInactive=31,41,46
ForegroundLink=37,127,173
ForegroundNegative=183,45,210
ForegroundNeutral=126,162,180
ForegroundNormal=31,41,46
ForegroundPositive=45,143,111
ForegroundVisited=107,107,184

[Colors:Tooltip]
BackgroundAlternate=22,27,29
BackgroundNormal=22,27,29
DecorationFocus=107,107,184
DecorationHover=107,107,184
ForegroundActive=86,140,59
ForegroundInactive=126,162,180
ForegroundLink=37,127,173
ForegroundNegative=183,45,210
ForegroundNeutral=126,162,180
ForegroundNormal=193,228,246
ForegroundPositive=45,143,111
ForegroundVisited=107,107,184

[Colors:View]
BackgroundAlternate=22,27,29
BackgroundNormal=22,27,29
DecorationFocus=107,107,184
DecorationHover=107,107,184
ForegroundActive=86,140,59
ForegroundInactive=126,162,180
ForegroundLink=37,127,173
ForegroundNegative=183,45,210
ForegroundNeutral=126,162,180
ForegroundNormal=193,228,246
ForegroundPositive=45,143,111
ForegroundVisited=107,107,184

[Colors:Window]
BackgroundAlternate=22,27,29
BackgroundNormal=22,27,29
DecorationFocus=107,107,184
DecorationHover=107,107,184
ForegroundActive=86,140,59
ForegroundInactive=126,162,180
ForegroundLink=37,127,173
ForegroundNegative=183,45,210
ForegroundNeutral=126,162,180
ForegroundNormal=193,228,246
ForegroundPositive=45,143,111
ForegroundVisited=107,107,184

[General]
ColorScheme=Atelier Lakeside Purple
Name=Atelier Lakeside Purple
shadeSortColumn=true

[KDE]
contrast=4

[WM]
activeBackground=22,27,29
activeBlend=22,27,29
activeForeground=193,228,246
inactiveBackground=22,27,29
inactiveBlend=22,27,29
inactiveForeground=126,162,180
