[ColorEffects:Disabled]
Color=56,56,56
ColorAmount=0
ColorEffect=0
ContrastAmount=0.65000000000000002
ContrastEffect=1
IntensityAmount=0.10000000000000001
IntensityEffect=2

[ColorEffects:Inactive]
ChangeSelectionColor=true
Color=112,111,110
ColorAmount=0.025000000000000001
ColorEffect=2
ContrastAmount=0.10000000000000001
ContrastEffect=2
Enable=false
IntensityAmount=0
IntensityEffect=0


[Colors:Button]
BackgroundAlternate=32,32,29
BackgroundNormal=32,32,29
DecorationFocus=184,84,212
DecorationHover=184,84,212
ForegroundActive=96,172,57
ForegroundInactive=166,162,140
ForegroundLink=102,132,225
ForegroundNegative=212,53,82
ForegroundNeutral=166,162,140
ForegroundNormal=232,228,207
ForegroundPositive=31,173,131
ForegroundVisited=184,84,212

[Colors:Selection]
BackgroundAlternate=184,84,212
BackgroundNormal=184,84,212
DecorationFocus=184,84,212
DecorationHover=184,84,212
ForegroundActive=96,172,57
ForegroundInactive=41,40,36
ForegroundLink=102,132,225
ForegroundNegative=212,53,82
ForegroundNeutral=166,162,140
ForegroundNormal=41,40,36
ForegroundPositive=31,173,131
ForegroundVisited=184,84,212

[Colors:Tooltip]
BackgroundAlternate=32,32,29
BackgroundNormal=32,32,29
DecorationFocus=184,84,212
DecorationHover=184,84,212
ForegroundActive=96,172,57
ForegroundInactive=166,162,140
ForegroundLink=102,132,225
ForegroundNegative=212,53,82
ForegroundNeutral=166,162,140
ForegroundNormal=232,228,207
ForegroundPositive=31,173,131
ForegroundVisited=184,84,212

[Colors:View]
BackgroundAlternate=32,32,29
BackgroundNormal=32,32,29
DecorationFocus=184,84,212
DecorationHover=184,84,212
ForegroundActive=96,172,57
ForegroundInactive=166,162,140
ForegroundLink=102,132,225
ForegroundNegative=212,53,82
ForegroundNeutral=166,162,140
ForegroundNormal=232,228,207
ForegroundPositive=31,173,131
ForegroundVisited=184,84,212

[Colors:Window]
BackgroundAlternate=32,32,29
BackgroundNormal=32,32,29
DecorationFocus=184,84,212
DecorationHover=184,84,212
ForegroundActive=96,172,57
ForegroundInactive=166,162,140
ForegroundLink=102,132,225
ForegroundNegative=212,53,82
ForegroundNeutral=166,162,140
ForegroundNormal=232,228,207
ForegroundPositive=31,173,131
ForegroundVisited=184,84,212

[General]
ColorScheme=Atelier Dune Purple
Name=Atelier Dune Purple
shadeSortColumn=true

[KDE]
contrast=4

[WM]
activeBackground=32,32,29
activeBlend=32,32,29
activeForeground=232,228,207
inactiveBackground=32,32,29
inactiveBlend=32,32,29
inactiveForeground=166,162,140
