[ColorEffects:Disabled]
Color=56,56,56
ColorAmount=0
ColorEffect=0
ContrastAmount=0.65000000000000002
ContrastEffect=1
IntensityAmount=0.10000000000000001
IntensityEffect=2

[ColorEffects:Inactive]
ChangeSelectionColor=true
Color=112,111,110
ColorAmount=0.025000000000000001
ColorEffect=2
ContrastAmount=0.10000000000000001
ContrastEffect=2
Enable=false
IntensityAmount=0
IntensityEffect=0


[Colors:Button]
BackgroundAlternate=40,41,54
BackgroundNormal=40,41,54
DecorationFocus=180,91,207
DecorationHover=180,91,207
ForegroundActive=235,255,135
ForegroundInactive=233,233,244
ForegroundLink=98,214,232
ForegroundNegative=0,247,105
ForegroundNeutral=233,233,244
ForegroundNormal=241,242,248
ForegroundPositive=161,239,228
ForegroundVisited=180,91,207

[Colors:Selection]
BackgroundAlternate=180,91,207
BackgroundNormal=180,91,207
DecorationFocus=180,91,207
DecorationHover=180,91,207
ForegroundActive=235,255,135
ForegroundInactive=58,60,78
ForegroundLink=98,214,232
ForegroundNegative=0,247,105
ForegroundNeutral=233,233,244
ForegroundNormal=58,60,78
ForegroundPositive=161,239,228
ForegroundVisited=180,91,207

[Colors:Tooltip]
BackgroundAlternate=40,41,54
BackgroundNormal=40,41,54
DecorationFocus=180,91,207
DecorationHover=180,91,207
ForegroundActive=235,255,135
ForegroundInactive=233,233,244
ForegroundLink=98,214,232
ForegroundNegative=0,247,105
ForegroundNeutral=233,233,244
ForegroundNormal=241,242,248
ForegroundPositive=161,239,228
ForegroundVisited=180,91,207

[Colors:View]
BackgroundAlternate=40,41,54
BackgroundNormal=40,41,54
DecorationFocus=180,91,207
DecorationHover=180,91,207
ForegroundActive=235,255,135
ForegroundInactive=233,233,244
ForegroundLink=98,214,232
ForegroundNegative=0,247,105
ForegroundNeutral=233,233,244
ForegroundNormal=241,242,248
ForegroundPositive=161,239,228
ForegroundVisited=180,91,207

[Colors:Window]
BackgroundAlternate=40,41,54
BackgroundNormal=40,41,54
DecorationFocus=180,91,207
DecorationHover=180,91,207
ForegroundActive=235,255,135
ForegroundInactive=233,233,244
ForegroundLink=98,214,232
ForegroundNegative=0,247,105
ForegroundNeutral=233,233,244
ForegroundNormal=241,242,248
ForegroundPositive=161,239,228
ForegroundVisited=180,91,207

[General]
ColorScheme=Dracula Purple
Name=Dracula Purple
shadeSortColumn=true

[KDE]
contrast=4

[WM]
activeBackground=40,41,54
activeBlend=40,41,54
activeForeground=241,242,248
inactiveBackground=40,41,54
inactiveBlend=40,41,54
inactiveForeground=233,233,244
