[ColorEffects:Disabled]
Color=56,56,56
ColorAmount=0
ColorEffect=0
ContrastAmount=0.65000000000000002
ContrastEffect=1
IntensityAmount=0.10000000000000001
IntensityEffect=2

[ColorEffects:Inactive]
ChangeSelectionColor=true
Color=112,111,110
ColorAmount=0.025000000000000001
ColorEffect=2
ContrastAmount=0.10000000000000001
ContrastEffect=2
Enable=false
IntensityAmount=0
IntensityEffect=0


[Colors:Button]
BackgroundAlternate=27,24,27
BackgroundNormal=27,24,27
DecorationFocus=123,89,192
DecorationHover=123,89,192
ForegroundActive=145,139,59
ForegroundInactive=171,155,171
ForegroundLink=81,106,236
ForegroundNegative=204,51,204
ForegroundNeutral=171,155,171
ForegroundNormal=216,202,216
ForegroundPositive=21,147,147
ForegroundVisited=123,89,192

[Colors:Selection]
BackgroundAlternate=123,89,192
BackgroundNormal=123,89,192
DecorationFocus=123,89,192
DecorationHover=123,89,192
ForegroundActive=145,139,59
ForegroundInactive=41,35,41
ForegroundLink=81,106,236
ForegroundNegative=204,51,204
ForegroundNeutral=171,155,171
ForegroundNormal=41,35,41
ForegroundPositive=21,147,147
ForegroundVisited=123,89,192

[Colors:Tooltip]
BackgroundAlternate=27,24,27
BackgroundNormal=27,24,27
DecorationFocus=123,89,192
DecorationHover=123,89,192
ForegroundActive=145,139,59
ForegroundInactive=171,155,171
ForegroundLink=81,106,236
ForegroundNegative=204,51,204
ForegroundNeutral=171,155,171
ForegroundNormal=216,202,216
ForegroundPositive=21,147,147
ForegroundVisited=123,89,192

[Colors:View]
BackgroundAlternate=27,24,27
BackgroundNormal=27,24,27
DecorationFocus=123,89,192
DecorationHover=123,89,192
ForegroundActive=145,139,59
ForegroundInactive=171,155,171
ForegroundLink=81,106,236
ForegroundNegative=204,51,204
ForegroundNeutral=171,155,171
ForegroundNormal=216,202,216
ForegroundPositive=21,147,147
ForegroundVisited=123,89,192

[Colors:Window]
BackgroundAlternate=27,24,27
BackgroundNormal=27,24,27
DecorationFocus=123,89,192
DecorationHover=123,89,192
ForegroundActive=145,139,59
ForegroundInactive=171,155,171
ForegroundLink=81,106,236
ForegroundNegative=204,51,204
ForegroundNeutral=171,155,171
ForegroundNormal=216,202,216
ForegroundPositive=21,147,147
ForegroundVisited=123,89,192

[General]
ColorScheme=Atelier Heath Purple
Name=Atelier Heath Purple
shadeSortColumn=true

[KDE]
contrast=4

[WM]
activeBackground=27,24,27
activeBlend=27,24,27
activeForeground=216,202,216
inactiveBackground=27,24,27
inactiveBlend=27,24,27
inactiveForeground=171,155,171
