[ColorEffects:Disabled]
Color=56,56,56
ColorAmount=0
ColorEffect=0
ContrastAmount=0.65000000000000002
ContrastEffect=1
IntensityAmount=0.10000000000000001
IntensityEffect=2

[ColorEffects:Inactive]
ChangeSelectionColor=true
Color=112,111,110
ColorAmount=0.025000000000000001
ColorEffect=2
ContrastAmount=0.10000000000000001
ContrastEffect=2
Enable=false
IntensityAmount=0
IntensityEffect=0


[Colors:Button]
BackgroundAlternate=244,243,236
BackgroundNormal=244,243,236
DecorationFocus=95,145,130
DecorationHover=95,145,130
ForegroundActive=125,151,38
ForegroundInactive=95,94,78
ForegroundLink=54,161,102
ForegroundNegative=157,108,124
ForegroundNeutral=95,94,78
ForegroundNormal=48,47,39
ForegroundPositive=91,157,72
ForegroundVisited=95,145,130

[Colors:Selection]
BackgroundAlternate=95,145,130
BackgroundNormal=95,145,130
DecorationFocus=95,145,130
DecorationHover=95,145,130
ForegroundActive=125,151,38
ForegroundInactive=231,230,223
ForegroundLink=54,161,102
ForegroundNegative=157,108,124
ForegroundNeutral=95,94,78
ForegroundNormal=231,230,223
ForegroundPositive=91,157,72
ForegroundVisited=95,145,130

[Colors:Tooltip]
BackgroundAlternate=244,243,236
BackgroundNormal=244,243,236
DecorationFocus=95,145,130
DecorationHover=95,145,130
ForegroundActive=125,151,38
ForegroundInactive=95,94,78
ForegroundLink=54,161,102
ForegroundNegative=157,108,124
ForegroundNeutral=95,94,78
ForegroundNormal=48,47,39
ForegroundPositive=91,157,72
ForegroundVisited=95,145,130

[Colors:View]
BackgroundAlternate=244,243,236
BackgroundNormal=244,243,236
DecorationFocus=95,145,130
DecorationHover=95,145,130
ForegroundActive=125,151,38
ForegroundInactive=95,94,78
ForegroundLink=54,161,102
ForegroundNegative=157,108,124
ForegroundNeutral=95,94,78
ForegroundNormal=48,47,39
ForegroundPositive=91,157,72
ForegroundVisited=95,145,130

[Colors:Window]
BackgroundAlternate=244,243,236
BackgroundNormal=244,243,236
DecorationFocus=95,145,130
DecorationHover=95,145,130
ForegroundActive=125,151,38
ForegroundInactive=95,94,78
ForegroundLink=54,161,102
ForegroundNegative=157,108,124
ForegroundNeutral=95,94,78
ForegroundNormal=48,47,39
ForegroundPositive=91,157,72
ForegroundVisited=95,145,130

[General]
ColorScheme=Atelier Estuary Light Purple
Name=Atelier Estuary Light Purple
shadeSortColumn=true

[KDE]
contrast=4

[WM]
activeBackground=244,243,236
activeBlend=244,243,236
activeForeground=48,47,39
inactiveBackground=244,243,236
inactiveBlend=244,243,236
inactiveForeground=95,94,78
