[ColorEffects:Disabled]
Color=56,56,56
ColorAmount=0
ColorEffect=0
ContrastAmount=0.65000000000000002
ContrastEffect=1
IntensityAmount=0.10000000000000001
IntensityEffect=2

[ColorEffects:Inactive]
ChangeSelectionColor=true
Color=112,111,110
ColorAmount=0.025000000000000001
ColorEffect=2
ContrastAmount=0.10000000000000001
ContrastEffect=2
Enable=false
IntensityAmount=0
IntensityEffect=0


[Colors:Button]
BackgroundAlternate=32,33,36
BackgroundNormal=32,33,36
DecorationFocus=103,58,183
DecorationHover=103,58,183
ForegroundActive=0,230,118
ForegroundInactive=128,134,139
ForegroundLink=33,150,243
ForegroundNegative=141,110,99
ForegroundNeutral=128,134,139
ForegroundNormal=158,158,158
ForegroundPositive=0,188,212
ForegroundVisited=103,58,183

[Colors:Selection]
BackgroundAlternate=103,58,183
BackgroundNormal=103,58,183
DecorationFocus=103,58,183
DecorationHover=103,58,183
ForegroundActive=0,230,118
ForegroundInactive=39,41,44
ForegroundLink=33,150,243
ForegroundNegative=141,110,99
ForegroundNeutral=128,134,139
ForegroundNormal=39,41,44
ForegroundPositive=0,188,212
ForegroundVisited=103,58,183

[Colors:Tooltip]
BackgroundAlternate=32,33,36
BackgroundNormal=32,33,36
DecorationFocus=103,58,183
DecorationHover=103,58,183
ForegroundActive=0,230,118
ForegroundInactive=128,134,139
ForegroundLink=33,150,243
ForegroundNegative=141,110,99
ForegroundNeutral=128,134,139
ForegroundNormal=158,158,158
ForegroundPositive=0,188,212
ForegroundVisited=103,58,183

[Colors:View]
BackgroundAlternate=32,33,36
BackgroundNormal=32,33,36
DecorationFocus=103,58,183
DecorationHover=103,58,183
ForegroundActive=0,230,118
ForegroundInactive=128,134,139
ForegroundLink=33,150,243
ForegroundNegative=141,110,99
ForegroundNeutral=128,134,139
ForegroundNormal=158,158,158
ForegroundPositive=0,188,212
ForegroundVisited=103,58,183

[Colors:Window]
BackgroundAlternate=32,33,36
BackgroundNormal=32,33,36
DecorationFocus=103,58,183
DecorationHover=103,58,183
ForegroundActive=0,230,118
ForegroundInactive=128,134,139
ForegroundLink=33,150,243
ForegroundNegative=141,110,99
ForegroundNeutral=128,134,139
ForegroundNormal=158,158,158
ForegroundPositive=0,188,212
ForegroundVisited=103,58,183

[General]
ColorScheme=Material Vivid Purple
Name=Material Vivid Purple
shadeSortColumn=true

[KDE]
contrast=4

[WM]
activeBackground=32,33,36
activeBlend=32,33,36
activeForeground=158,158,158
inactiveBackground=32,33,36
inactiveBlend=32,33,36
inactiveForeground=128,134,139
