[ColorEffects:Disabled]
Color=56,56,56
ColorAmount=0
ColorEffect=0
ContrastAmount=0.65000000000000002
ContrastEffect=1
IntensityAmount=0.10000000000000001
IntensityEffect=2

[ColorEffects:Inactive]
ChangeSelectionColor=true
Color=112,111,110
ColorAmount=0.025000000000000001
ColorEffect=2
ContrastAmount=0.10000000000000001
ContrastEffect=2
Enable=false
IntensityAmount=0
IntensityEffect=0


[Colors:Button]
BackgroundAlternate=45,45,45
BackgroundNormal=45,45,45
DecorationFocus=204,153,204
DecorationHover=204,153,204
ForegroundActive=153,204,153
ForegroundInactive=204,204,204
ForegroundLink=102,153,204
ForegroundNegative=163,104,90
ForegroundNeutral=204,204,204
ForegroundNormal=224,224,224
ForegroundPositive=102,204,204
ForegroundVisited=204,153,204

[Colors:Selection]
BackgroundAlternate=204,153,204
BackgroundNormal=204,153,204
DecorationFocus=204,153,204
DecorationHover=204,153,204
ForegroundActive=153,204,153
ForegroundInactive=57,57,57
ForegroundLink=102,153,204
ForegroundNegative=163,104,90
ForegroundNeutral=204,204,204
ForegroundNormal=57,57,57
ForegroundPositive=102,204,204
ForegroundVisited=204,153,204

[Colors:Tooltip]
BackgroundAlternate=45,45,45
BackgroundNormal=45,45,45
DecorationFocus=204,153,204
DecorationHover=204,153,204
ForegroundActive=153,204,153
ForegroundInactive=204,204,204
ForegroundLink=102,153,204
ForegroundNegative=163,104,90
ForegroundNeutral=204,204,204
ForegroundNormal=224,224,224
ForegroundPositive=102,204,204
ForegroundVisited=204,153,204

[Colors:View]
BackgroundAlternate=45,45,45
BackgroundNormal=45,45,45
DecorationFocus=204,153,204
DecorationHover=204,153,204
ForegroundActive=153,204,153
ForegroundInactive=204,204,204
ForegroundLink=102,153,204
ForegroundNegative=163,104,90
ForegroundNeutral=204,204,204
ForegroundNormal=224,224,224
ForegroundPositive=102,204,204
ForegroundVisited=204,153,204

[Colors:Window]
BackgroundAlternate=45,45,45
BackgroundNormal=45,45,45
DecorationFocus=204,153,204
DecorationHover=204,153,204
ForegroundActive=153,204,153
ForegroundInactive=204,204,204
ForegroundLink=102,153,204
ForegroundNegative=163,104,90
ForegroundNeutral=204,204,204
ForegroundNormal=224,224,224
ForegroundPositive=102,204,204
ForegroundVisited=204,153,204

[General]
ColorScheme=Tomorrow Night Purple
Name=Tomorrow Night Purple
shadeSortColumn=true

[KDE]
contrast=4

[WM]
activeBackground=45,45,45
activeBlend=45,45,45
activeForeground=224,224,224
inactiveBackground=45,45,45
inactiveBlend=45,45,45
inactiveForeground=204,204,204
