[ColorEffects:Disabled]
Color=56,56,56
ColorAmount=0
ColorEffect=0
ContrastAmount=0.65000000000000002
ContrastEffect=1
IntensityAmount=0.10000000000000001
IntensityEffect=2

[ColorEffects:Inactive]
ChangeSelectionColor=true
Color=112,111,110
ColorAmount=0.025000000000000001
ColorEffect=2
ContrastAmount=0.10000000000000001
ContrastEffect=2
Enable=false
IntensityAmount=0
IntensityEffect=0


[Colors:Button]
BackgroundAlternate=6,18,41
BackgroundNormal=6,18,41
DecorationFocus=153,137,204
DecorationHover=153,137,204
ForegroundActive=153,191,82
ForegroundInactive=184,187,194
ForegroundLink=82,153,191
ForegroundNegative=176,128,96
ForegroundNeutral=184,187,194
ForegroundNormal=219,221,224
ForegroundPositive=114,185,191
ForegroundVisited=153,137,204

[Colors:Selection]
BackgroundAlternate=153,137,204
BackgroundNormal=153,137,204
DecorationFocus=153,137,204
DecorationHover=153,137,204
ForegroundActive=153,191,82
ForegroundInactive=42,52,72
ForegroundLink=82,153,191
ForegroundNegative=176,128,96
ForegroundNeutral=184,187,194
ForegroundNormal=42,52,72
ForegroundPositive=114,185,191
ForegroundVisited=153,137,204

[Colors:Tooltip]
BackgroundAlternate=6,18,41
BackgroundNormal=6,18,41
DecorationFocus=153,137,204
DecorationHover=153,137,204
ForegroundActive=153,191,82
ForegroundInactive=184,187,194
ForegroundLink=82,153,191
ForegroundNegative=176,128,96
ForegroundNeutral=184,187,194
ForegroundNormal=219,221,224
ForegroundPositive=114,185,191
ForegroundVisited=153,137,204

[Colors:View]
BackgroundAlternate=6,18,41
BackgroundNormal=6,18,41
DecorationFocus=153,137,204
DecorationHover=153,137,204
ForegroundActive=153,191,82
ForegroundInactive=184,187,194
ForegroundLink=82,153,191
ForegroundNegative=176,128,96
ForegroundNeutral=184,187,194
ForegroundNormal=219,221,224
ForegroundPositive=114,185,191
ForegroundVisited=153,137,204

[Colors:Window]
BackgroundAlternate=6,18,41
BackgroundNormal=6,18,41
DecorationFocus=153,137,204
DecorationHover=153,137,204
ForegroundActive=153,191,82
ForegroundInactive=184,187,194
ForegroundLink=82,153,191
ForegroundNegative=176,128,96
ForegroundNeutral=184,187,194
ForegroundNormal=219,221,224
ForegroundPositive=114,185,191
ForegroundVisited=153,137,204

[General]
ColorScheme=PhD Purple
Name=PhD Purple
shadeSortColumn=true

[KDE]
contrast=4

[WM]
activeBackground=6,18,41
activeBlend=6,18,41
activeForeground=219,221,224
inactiveBackground=6,18,41
inactiveBlend=6,18,41
inactiveForeground=184,187,194
