[ColorEffects:Disabled]
Color=56,56,56
ColorAmount=0
ColorEffect=0
ContrastAmount=0.65000000000000002
ContrastEffect=1
IntensityAmount=0.10000000000000001
IntensityEffect=2

[ColorEffects:Inactive]
ChangeSelectionColor=true
Color=112,111,110
ColorAmount=0.025000000000000001
ColorEffect=2
ContrastAmount=0.10000000000000001
ContrastEffect=2
Enable=false
IntensityAmount=0
IntensityEffect=0


[Colors:Button]
BackgroundAlternate=255,255,255
BackgroundNormal=255,255,255
DecorationFocus=173,0,161
DecorationHover=173,0,161
ForegroundActive=0,201,24
ForegroundInactive=16,16,16
ForegroundLink=55,119,230
ForegroundNegative=204,102,51
ForegroundNeutral=16,16,16
ForegroundNormal=21,21,21
ForegroundPositive=31,170,170
ForegroundVisited=173,0,161

[Colors:Selection]
BackgroundAlternate=173,0,161
BackgroundNormal=173,0,161
DecorationFocus=173,0,161
DecorationHover=173,0,161
ForegroundActive=0,201,24
ForegroundInactive=224,224,224
ForegroundLink=55,119,230
ForegroundNegative=204,102,51
ForegroundNeutral=16,16,16
ForegroundNormal=224,224,224
ForegroundPositive=31,170,170
ForegroundVisited=173,0,161

[Colors:Tooltip]
BackgroundAlternate=255,255,255
BackgroundNormal=255,255,255
DecorationFocus=173,0,161
DecorationHover=173,0,161
ForegroundActive=0,201,24
ForegroundInactive=16,16,16
ForegroundLink=55,119,230
ForegroundNegative=204,102,51
ForegroundNeutral=16,16,16
ForegroundNormal=21,21,21
ForegroundPositive=31,170,170
ForegroundVisited=173,0,161

[Colors:View]
BackgroundAlternate=255,255,255
BackgroundNormal=255,255,255
DecorationFocus=173,0,161
DecorationHover=173,0,161
ForegroundActive=0,201,24
ForegroundInactive=16,16,16
ForegroundLink=55,119,230
ForegroundNegative=204,102,51
ForegroundNeutral=16,16,16
ForegroundNormal=21,21,21
ForegroundPositive=31,170,170
ForegroundVisited=173,0,161

[Colors:Window]
BackgroundAlternate=255,255,255
BackgroundNormal=255,255,255
DecorationFocus=173,0,161
DecorationHover=173,0,161
ForegroundActive=0,201,24
ForegroundInactive=16,16,16
ForegroundLink=55,119,230
ForegroundNegative=204,102,51
ForegroundNeutral=16,16,16
ForegroundNormal=21,21,21
ForegroundPositive=31,170,170
ForegroundVisited=173,0,161

[General]
ColorScheme=Summerfruit Light Purple
Name=Summerfruit Light Purple
shadeSortColumn=true

[KDE]
contrast=4

[WM]
activeBackground=255,255,255
activeBlend=255,255,255
activeForeground=21,21,21
inactiveBackground=255,255,255
inactiveBlend=255,255,255
inactiveForeground=16,16,16
