[ColorEffects:Disabled]
Color=56,56,56
ColorAmount=0
ColorEffect=0
ContrastAmount=0.65000000000000002
ContrastEffect=1
IntensityAmount=0.10000000000000001
IntensityEffect=2

[ColorEffects:Inactive]
ChangeSelectionColor=true
Color=112,111,110
ColorAmount=0.025000000000000001
ColorEffect=2
ContrastAmount=0.10000000000000001
ContrastEffect=2
Enable=false
IntensityAmount=0
IntensityEffect=0


[Colors:Button]
BackgroundAlternate=41,45,62
BackgroundNormal=41,45,62
DecorationFocus=199,146,234
DecorationHover=199,146,234
ForegroundActive=195,232,141
ForegroundInactive=149,157,203
ForegroundLink=130,170,255
ForegroundNegative=255,83,112
ForegroundNeutral=149,157,203
ForegroundNormal=149,157,203
ForegroundPositive=137,221,255
ForegroundVisited=199,146,234

[Colors:Selection]
BackgroundAlternate=199,146,234
BackgroundNormal=199,146,234
DecorationFocus=199,146,234
DecorationHover=199,146,234
ForegroundActive=195,232,141
ForegroundInactive=68,66,103
ForegroundLink=130,170,255
ForegroundNegative=255,83,112
ForegroundNeutral=149,157,203
ForegroundNormal=68,66,103
ForegroundPositive=137,221,255
ForegroundVisited=199,146,234

[Colors:Tooltip]
BackgroundAlternate=41,45,62
BackgroundNormal=41,45,62
DecorationFocus=199,146,234
DecorationHover=199,146,234
ForegroundActive=195,232,141
ForegroundInactive=149,157,203
ForegroundLink=130,170,255
ForegroundNegative=255,83,112
ForegroundNeutral=149,157,203
ForegroundNormal=149,157,203
ForegroundPositive=137,221,255
ForegroundVisited=199,146,234

[Colors:View]
BackgroundAlternate=41,45,62
BackgroundNormal=41,45,62
DecorationFocus=199,146,234
DecorationHover=199,146,234
ForegroundActive=195,232,141
ForegroundInactive=149,157,203
ForegroundLink=130,170,255
ForegroundNegative=255,83,112
ForegroundNeutral=149,157,203
ForegroundNormal=149,157,203
ForegroundPositive=137,221,255
ForegroundVisited=199,146,234

[Colors:Window]
BackgroundAlternate=41,45,62
BackgroundNormal=41,45,62
DecorationFocus=199,146,234
DecorationHover=199,146,234
ForegroundActive=195,232,141
ForegroundInactive=149,157,203
ForegroundLink=130,170,255
ForegroundNegative=255,83,112
ForegroundNeutral=149,157,203
ForegroundNormal=149,157,203
ForegroundPositive=137,221,255
ForegroundVisited=199,146,234

[General]
ColorScheme=Material Palenight Purple
Name=Material Palenight Purple
shadeSortColumn=true

[KDE]
contrast=4

[WM]
activeBackground=41,45,62
activeBlend=41,45,62
activeForeground=149,157,203
inactiveBackground=41,45,62
inactiveBlend=41,45,62
inactiveForeground=149,157,203
