[ColorEffects:Disabled]
Color=56,56,56
ColorAmount=0
ColorEffect=0
ContrastAmount=0.65000000000000002
ContrastEffect=1
IntensityAmount=0.10000000000000001
IntensityEffect=2

[ColorEffects:Inactive]
ChangeSelectionColor=true
Color=112,111,110
ColorAmount=0.025000000000000001
ColorEffect=2
ContrastAmount=0.10000000000000001
ContrastEffect=2
Enable=false
IntensityAmount=0
IntensityEffect=0


[Colors:Button]
BackgroundAlternate=21,21,21
BackgroundNormal=21,21,21
DecorationFocus=173,0,161
DecorationHover=173,0,161
ForegroundActive=0,201,24
ForegroundInactive=208,208,208
ForegroundLink=55,119,230
ForegroundNegative=204,102,51
ForegroundNeutral=208,208,208
ForegroundNormal=224,224,224
ForegroundPositive=31,170,170
ForegroundVisited=173,0,161

[Colors:Selection]
BackgroundAlternate=173,0,161
BackgroundNormal=173,0,161
DecorationFocus=173,0,161
DecorationHover=173,0,161
ForegroundActive=0,201,24
ForegroundInactive=32,32,32
ForegroundLink=55,119,230
ForegroundNegative=204,102,51
ForegroundNeutral=208,208,208
ForegroundNormal=32,32,32
ForegroundPositive=31,170,170
ForegroundVisited=173,0,161

[Colors:Tooltip]
BackgroundAlternate=21,21,21
BackgroundNormal=21,21,21
DecorationFocus=173,0,161
DecorationHover=173,0,161
ForegroundActive=0,201,24
ForegroundInactive=208,208,208
ForegroundLink=55,119,230
ForegroundNegative=204,102,51
ForegroundNeutral=208,208,208
ForegroundNormal=224,224,224
ForegroundPositive=31,170,170
ForegroundVisited=173,0,161

[Colors:View]
BackgroundAlternate=21,21,21
BackgroundNormal=21,21,21
DecorationFocus=173,0,161
DecorationHover=173,0,161
ForegroundActive=0,201,24
ForegroundInactive=208,208,208
ForegroundLink=55,119,230
ForegroundNegative=204,102,51
ForegroundNeutral=208,208,208
ForegroundNormal=224,224,224
ForegroundPositive=31,170,170
ForegroundVisited=173,0,161

[Colors:Window]
BackgroundAlternate=21,21,21
BackgroundNormal=21,21,21
DecorationFocus=173,0,161
DecorationHover=173,0,161
ForegroundActive=0,201,24
ForegroundInactive=208,208,208
ForegroundLink=55,119,230
ForegroundNegative=204,102,51
ForegroundNeutral=208,208,208
ForegroundNormal=224,224,224
ForegroundPositive=31,170,170
ForegroundVisited=173,0,161

[General]
ColorScheme=Summerfruit Dark Purple
Name=Summerfruit Dark Purple
shadeSortColumn=true

[KDE]
contrast=4

[WM]
activeBackground=21,21,21
activeBlend=21,21,21
activeForeground=224,224,224
inactiveBackground=21,21,21
inactiveBlend=21,21,21
inactiveForeground=208,208,208
