[ColorEffects:Disabled]
Color=56,56,56
ColorAmount=0
ColorEffect=0
ContrastAmount=0.65000000000000002
ContrastEffect=1
IntensityAmount=0.10000000000000001
IntensityEffect=2

[ColorEffects:Inactive]
ChangeSelectionColor=true
Color=112,111,110
ColorAmount=0.025000000000000001
ColorEffect=2
ContrastAmount=0.10000000000000001
ContrastEffect=2
Enable=false
IntensityAmount=0
IntensityEffect=0


[Colors:Button]
BackgroundAlternate=0,0,0
BackgroundNormal=0,0,0
DecorationFocus=211,129,195
DecorationHover=211,129,195
ForegroundActive=161,198,89
ForegroundInactive=224,224,224
ForegroundLink=111,179,210
ForegroundNegative=190,100,60
ForegroundNeutral=224,224,224
ForegroundNormal=245,245,245
ForegroundPositive=118,199,183
ForegroundVisited=211,129,195

[Colors:Selection]
BackgroundAlternate=211,129,195
BackgroundNormal=211,129,195
DecorationFocus=211,129,195
DecorationHover=211,129,195
ForegroundActive=161,198,89
ForegroundInactive=48,48,48
ForegroundLink=111,179,210
ForegroundNegative=190,100,60
ForegroundNeutral=224,224,224
ForegroundNormal=48,48,48
ForegroundPositive=118,199,183
ForegroundVisited=211,129,195

[Colors:Tooltip]
BackgroundAlternate=0,0,0
BackgroundNormal=0,0,0
DecorationFocus=211,129,195
DecorationHover=211,129,195
ForegroundActive=161,198,89
ForegroundInactive=224,224,224
ForegroundLink=111,179,210
ForegroundNegative=190,100,60
ForegroundNeutral=224,224,224
ForegroundNormal=245,245,245
ForegroundPositive=118,199,183
ForegroundVisited=211,129,195

[Colors:View]
BackgroundAlternate=0,0,0
BackgroundNormal=0,0,0
DecorationFocus=211,129,195
DecorationHover=211,129,195
ForegroundActive=161,198,89
ForegroundInactive=224,224,224
ForegroundLink=111,179,210
ForegroundNegative=190,100,60
ForegroundNeutral=224,224,224
ForegroundNormal=245,245,245
ForegroundPositive=118,199,183
ForegroundVisited=211,129,195

[Colors:Window]
BackgroundAlternate=0,0,0
BackgroundNormal=0,0,0
DecorationFocus=211,129,195
DecorationHover=211,129,195
ForegroundActive=161,198,89
ForegroundInactive=224,224,224
ForegroundLink=111,179,210
ForegroundNegative=190,100,60
ForegroundNeutral=224,224,224
ForegroundNormal=245,245,245
ForegroundPositive=118,199,183
ForegroundVisited=211,129,195

[General]
ColorScheme=Bright Purple
Name=Bright Purple
shadeSortColumn=true

[KDE]
contrast=4

[WM]
activeBackground=0,0,0
activeBlend=0,0,0
activeForeground=245,245,245
inactiveBackground=0,0,0
inactiveBlend=0,0,0
inactiveForeground=224,224,224
