[ColorEffects:Disabled]
Color=56,56,56
ColorAmount=0
ColorEffect=0
ContrastAmount=0.65000000000000002
ContrastEffect=1
IntensityAmount=0.10000000000000001
IntensityEffect=2

[ColorEffects:Inactive]
ChangeSelectionColor=true
Color=112,111,110
ColorAmount=0.025000000000000001
ColorEffect=2
ContrastAmount=0.10000000000000001
ContrastEffect=2
Enable=false
IntensityAmount=0
IntensityEffect=0


[Colors:Button]
BackgroundAlternate=28,28,28
BackgroundNormal=28,28,28
DecorationFocus=0,175,175
DecorationHover=0,175,175
ForegroundActive=175,135,215
ForegroundInactive=128,128,128
ForegroundLink=255,95,175
ForegroundNegative=95,135,135
ForegroundNeutral=128,128,128
ForegroundNormal=215,135,95
ForegroundPositive=255,175,0
ForegroundVisited=0,175,175

[Colors:Selection]
BackgroundAlternate=0,175,175
BackgroundNormal=0,175,175
DecorationFocus=0,175,175
DecorationHover=0,175,175
ForegroundActive=175,135,215
ForegroundInactive=175,0,95
ForegroundLink=255,95,175
ForegroundNegative=95,135,135
ForegroundNeutral=128,128,128
ForegroundNormal=175,0,95
ForegroundPositive=255,175,0
ForegroundVisited=0,175,175

[Colors:Tooltip]
BackgroundAlternate=28,28,28
BackgroundNormal=28,28,28
DecorationFocus=0,175,175
DecorationHover=0,175,175
ForegroundActive=175,135,215
ForegroundInactive=128,128,128
ForegroundLink=255,95,175
ForegroundNegative=95,135,135
ForegroundNeutral=128,128,128
ForegroundNormal=215,135,95
ForegroundPositive=255,175,0
ForegroundVisited=0,175,175

[Colors:View]
BackgroundAlternate=28,28,28
BackgroundNormal=28,28,28
DecorationFocus=0,175,175
DecorationHover=0,175,175
ForegroundActive=175,135,215
ForegroundInactive=128,128,128
ForegroundLink=255,95,175
ForegroundNegative=95,135,135
ForegroundNeutral=128,128,128
ForegroundNormal=215,135,95
ForegroundPositive=255,175,0
ForegroundVisited=0,175,175

[Colors:Window]
BackgroundAlternate=28,28,28
BackgroundNormal=28,28,28
DecorationFocus=0,175,175
DecorationHover=0,175,175
ForegroundActive=175,135,215
ForegroundInactive=128,128,128
ForegroundLink=255,95,175
ForegroundNegative=95,135,135
ForegroundNeutral=128,128,128
ForegroundNormal=215,135,95
ForegroundPositive=255,175,0
ForegroundVisited=0,175,175

[General]
ColorScheme=PaperColor Dark Purple
Name=PaperColor Dark Purple
shadeSortColumn=true

[KDE]
contrast=4

[WM]
activeBackground=28,28,28
activeBlend=28,28,28
activeForeground=215,135,95
inactiveBackground=28,28,28
inactiveBlend=28,28,28
inactiveForeground=128,128,128
