[ColorEffects:Disabled]
Color=56,56,56
ColorAmount=0
ColorEffect=0
ContrastAmount=0.65000000000000002
ContrastEffect=1
IntensityAmount=0.10000000000000001
IntensityEffect=2

[ColorEffects:Inactive]
ChangeSelectionColor=true
Color=112,111,110
ColorAmount=0.025000000000000001
ColorEffect=2
ContrastAmount=0.10000000000000001
ContrastEffect=2
Enable=false
IntensityAmount=0
IntensityEffect=0


[Colors:Button]
BackgroundAlternate=16,16,16
BackgroundNormal=16,16,16
DecorationFocus=116,116,116
DecorationHover=116,116,116
ForegroundActive=142,142,142
ForegroundInactive=185,185,185
ForegroundLink=104,104,104
ForegroundNegative=94,94,94
ForegroundNeutral=185,185,185
ForegroundNormal=227,227,227
ForegroundPositive=134,134,134
ForegroundVisited=116,116,116

[Colors:Selection]
BackgroundAlternate=116,116,116
BackgroundNormal=116,116,116
DecorationFocus=116,116,116
DecorationHover=116,116,116
ForegroundActive=142,142,142
ForegroundInactive=37,37,37
ForegroundLink=104,104,104
ForegroundNegative=94,94,94
ForegroundNeutral=185,185,185
ForegroundNormal=37,37,37
ForegroundPositive=134,134,134
ForegroundVisited=116,116,116

[Colors:Tooltip]
BackgroundAlternate=16,16,16
BackgroundNormal=16,16,16
DecorationFocus=116,116,116
DecorationHover=116,116,116
ForegroundActive=142,142,142
ForegroundInactive=185,185,185
ForegroundLink=104,104,104
ForegroundNegative=94,94,94
ForegroundNeutral=185,185,185
ForegroundNormal=227,227,227
ForegroundPositive=134,134,134
ForegroundVisited=116,116,116

[Colors:View]
BackgroundAlternate=16,16,16
BackgroundNormal=16,16,16
DecorationFocus=116,116,116
DecorationHover=116,116,116
ForegroundActive=142,142,142
ForegroundInactive=185,185,185
ForegroundLink=104,104,104
ForegroundNegative=94,94,94
ForegroundNeutral=185,185,185
ForegroundNormal=227,227,227
ForegroundPositive=134,134,134
ForegroundVisited=116,116,116

[Colors:Window]
BackgroundAlternate=16,16,16
BackgroundNormal=16,16,16
DecorationFocus=116,116,116
DecorationHover=116,116,116
ForegroundActive=142,142,142
ForegroundInactive=185,185,185
ForegroundLink=104,104,104
ForegroundNegative=94,94,94
ForegroundNeutral=185,185,185
ForegroundNormal=227,227,227
ForegroundPositive=134,134,134
ForegroundVisited=116,116,116

[General]
ColorScheme=Grayscale Dark Purple
Name=Grayscale Dark Purple
shadeSortColumn=true

[KDE]
contrast=4

[WM]
activeBackground=16,16,16
activeBlend=16,16,16
activeForeground=227,227,227
inactiveBackground=16,16,16
inactiveBlend=16,16,16
inactiveForeground=185,185,185
