[ColorEffects:Disabled]
Color=56,56,56
ColorAmount=0
ColorEffect=0
ContrastAmount=0.65000000000000002
ContrastEffect=1
IntensityAmount=0.10000000000000001
IntensityEffect=2

[ColorEffects:Inactive]
ChangeSelectionColor=true
Color=112,111,110
ColorAmount=0.025000000000000001
ColorEffect=2
ContrastAmount=0.10000000000000001
ContrastEffect=2
Enable=false
IntensityAmount=0
IntensityEffect=0


[Colors:Button]
BackgroundAlternate=250,250,250
BackgroundNormal=250,250,250
DecorationFocus=166,38,164
DecorationHover=166,38,164
ForegroundActive=80,161,79
ForegroundInactive=56,58,66
ForegroundLink=64,120,242
ForegroundNegative=152,104,1
ForegroundNeutral=56,58,66
ForegroundNormal=32,34,39
ForegroundPositive=1,132,188
ForegroundVisited=166,38,164

[Colors:Selection]
BackgroundAlternate=166,38,164
BackgroundNormal=166,38,164
DecorationFocus=166,38,164
DecorationHover=166,38,164
ForegroundActive=80,161,79
ForegroundInactive=240,240,241
ForegroundLink=64,120,242
ForegroundNegative=152,104,1
ForegroundNeutral=56,58,66
ForegroundNormal=240,240,241
ForegroundPositive=1,132,188
ForegroundVisited=166,38,164

[Colors:Tooltip]
BackgroundAlternate=250,250,250
BackgroundNormal=250,250,250
DecorationFocus=166,38,164
DecorationHover=166,38,164
ForegroundActive=80,161,79
ForegroundInactive=56,58,66
ForegroundLink=64,120,242
ForegroundNegative=152,104,1
ForegroundNeutral=56,58,66
ForegroundNormal=32,34,39
ForegroundPositive=1,132,188
ForegroundVisited=166,38,164

[Colors:View]
BackgroundAlternate=250,250,250
BackgroundNormal=250,250,250
DecorationFocus=166,38,164
DecorationHover=166,38,164
ForegroundActive=80,161,79
ForegroundInactive=56,58,66
ForegroundLink=64,120,242
ForegroundNegative=152,104,1
ForegroundNeutral=56,58,66
ForegroundNormal=32,34,39
ForegroundPositive=1,132,188
ForegroundVisited=166,38,164

[Colors:Window]
BackgroundAlternate=250,250,250
BackgroundNormal=250,250,250
DecorationFocus=166,38,164
DecorationHover=166,38,164
ForegroundActive=80,161,79
ForegroundInactive=56,58,66
ForegroundLink=64,120,242
ForegroundNegative=152,104,1
ForegroundNeutral=56,58,66
ForegroundNormal=32,34,39
ForegroundPositive=1,132,188
ForegroundVisited=166,38,164

[General]
ColorScheme=One Light Purple
Name=One Light Purple
shadeSortColumn=true

[KDE]
contrast=4

[WM]
activeBackground=250,250,250
activeBlend=250,250,250
activeForeground=32,34,39
inactiveBackground=250,250,250
inactiveBlend=250,250,250
inactiveForeground=56,58,66
