[ColorEffects:Disabled]
Color=56,56,56
ColorAmount=0
ColorEffect=0
ContrastAmount=0.65000000000000002
ContrastEffect=1
IntensityAmount=0.10000000000000001
IntensityEffect=2

[ColorEffects:Inactive]
ChangeSelectionColor=true
Color=112,111,110
ColorAmount=0.025000000000000001
ColorEffect=2
ContrastAmount=0.10000000000000001
ContrastEffect=2
Enable=false
IntensityAmount=0
IntensityEffect=0


[Colors:Button]
BackgroundAlternate=24,24,24
BackgroundNormal=24,24,24
DecorationFocus=186,140,252
DecorationHover=186,140,252
ForegroundActive=50,204,220
ForegroundInactive=208,208,208
ForegroundLink=32,188,252
ForegroundNegative=177,95,74
ForegroundNeutral=208,208,208
ForegroundNormal=232,232,232
ForegroundPositive=172,221,253
ForegroundVisited=186,140,252

[Colors:Selection]
BackgroundAlternate=186,140,252
BackgroundNormal=186,140,252
DecorationFocus=186,140,252
DecorationHover=186,140,252
ForegroundActive=50,204,220
ForegroundInactive=21,21,21
ForegroundLink=32,188,252
ForegroundNegative=177,95,74
ForegroundNeutral=208,208,208
ForegroundNormal=21,21,21
ForegroundPositive=172,221,253
ForegroundVisited=186,140,252

[Colors:Tooltip]
BackgroundAlternate=24,24,24
BackgroundNormal=24,24,24
DecorationFocus=186,140,252
DecorationHover=186,140,252
ForegroundActive=50,204,220
ForegroundInactive=208,208,208
ForegroundLink=32,188,252
ForegroundNegative=177,95,74
ForegroundNeutral=208,208,208
ForegroundNormal=232,232,232
ForegroundPositive=172,221,253
ForegroundVisited=186,140,252

[Colors:View]
BackgroundAlternate=24,24,24
BackgroundNormal=24,24,24
DecorationFocus=186,140,252
DecorationHover=186,140,252
ForegroundActive=50,204,220
ForegroundInactive=208,208,208
ForegroundLink=32,188,252
ForegroundNegative=177,95,74
ForegroundNeutral=208,208,208
ForegroundNormal=232,232,232
ForegroundPositive=172,221,253
ForegroundVisited=186,140,252

[Colors:Window]
BackgroundAlternate=24,24,24
BackgroundNormal=24,24,24
DecorationFocus=186,140,252
DecorationHover=186,140,252
ForegroundActive=50,204,220
ForegroundInactive=208,208,208
ForegroundLink=32,188,252
ForegroundNegative=177,95,74
ForegroundNeutral=208,208,208
ForegroundNormal=232,232,232
ForegroundPositive=172,221,253
ForegroundVisited=186,140,252

[General]
ColorScheme=Framer Purple
Name=Framer Purple
shadeSortColumn=true

[KDE]
contrast=4

[WM]
activeBackground=24,24,24
activeBlend=24,24,24
activeForeground=232,232,232
inactiveBackground=24,24,24
inactiveBlend=24,24,24
inactiveForeground=208,208,208
