[ColorEffects:Disabled]
Color=56,56,56
ColorAmount=0
ColorEffect=0
ContrastAmount=0.65000000000000002
ContrastEffect=1
IntensityAmount=0.10000000000000001
IntensityEffect=2

[ColorEffects:Inactive]
ChangeSelectionColor=true
Color=112,111,110
ColorAmount=0.025000000000000001
ColorEffect=2
ContrastAmount=0.10000000000000001
ContrastEffect=2
Enable=false
IntensityAmount=0
IntensityEffect=0


[Colors:Button]
BackgroundAlternate=31,31,31
BackgroundNormal=31,31,31
DecorationFocus=15,125,219
DecorationHover=15,125,219
ForegroundActive=243,189,9
ForegroundInactive=78,90,183
ForegroundLink=83,80,185
ForegroundNegative=255,255,255
ForegroundNeutral=78,90,183
ForegroundNormal=16,129,214
ForegroundPositive=16,129,214
ForegroundVisited=15,125,219

[Colors:Selection]
BackgroundAlternate=15,125,219
BackgroundNormal=15,125,219
DecorationFocus=15,125,219
DecorationHover=15,125,219
ForegroundActive=243,189,9
ForegroundInactive=248,17,24
ForegroundLink=83,80,185
ForegroundNegative=255,255,255
ForegroundNeutral=78,90,183
ForegroundNormal=248,17,24
ForegroundPositive=16,129,214
ForegroundVisited=15,125,219

[Colors:Tooltip]
BackgroundAlternate=31,31,31
BackgroundNormal=31,31,31
DecorationFocus=15,125,219
DecorationHover=15,125,219
ForegroundActive=243,189,9
ForegroundInactive=78,90,183
ForegroundLink=83,80,185
ForegroundNegative=255,255,255
ForegroundNeutral=78,90,183
ForegroundNormal=16,129,214
ForegroundPositive=16,129,214
ForegroundVisited=15,125,219

[Colors:View]
BackgroundAlternate=31,31,31
BackgroundNormal=31,31,31
DecorationFocus=15,125,219
DecorationHover=15,125,219
ForegroundActive=243,189,9
ForegroundInactive=78,90,183
ForegroundLink=83,80,185
ForegroundNegative=255,255,255
ForegroundNeutral=78,90,183
ForegroundNormal=16,129,214
ForegroundPositive=16,129,214
ForegroundVisited=15,125,219

[Colors:Window]
BackgroundAlternate=31,31,31
BackgroundNormal=31,31,31
DecorationFocus=15,125,219
DecorationHover=15,125,219
ForegroundActive=243,189,9
ForegroundInactive=78,90,183
ForegroundLink=83,80,185
ForegroundNegative=255,255,255
ForegroundNeutral=78,90,183
ForegroundNormal=16,129,214
ForegroundPositive=16,129,214
ForegroundVisited=15,125,219

[General]
ColorScheme=Brogrammer Purple
Name=Brogrammer Purple
shadeSortColumn=true

[KDE]
contrast=4

[WM]
activeBackground=31,31,31
activeBlend=31,31,31
activeForeground=16,129,214
inactiveBackground=31,31,31
inactiveBlend=31,31,31
inactiveForeground=78,90,183
