[ColorEffects:Disabled]
Color=56,56,56
ColorAmount=0
ColorEffect=0
ContrastAmount=0.65000000000000002
ContrastEffect=1
IntensityAmount=0.10000000000000001
IntensityEffect=2

[ColorEffects:Inactive]
ChangeSelectionColor=true
Color=112,111,110
ColorAmount=0.025000000000000001
ColorEffect=2
ContrastAmount=0.10000000000000001
ContrastEffect=2
Enable=false
IntensityAmount=0
IntensityEffect=0


[Colors:Button]
BackgroundAlternate=40,44,52
BackgroundNormal=40,44,52
DecorationFocus=215,95,95
DecorationHover=215,95,95
ForegroundActive=82,139,139
ForegroundInactive=168,153,132
ForegroundLink=131,165,152
ForegroundNegative=168,115,34
ForegroundNeutral=168,153,132
ForegroundNormal=213,196,161
ForegroundPositive=131,165,152
ForegroundVisited=215,95,95

[Colors:Selection]
BackgroundAlternate=215,95,95
BackgroundNormal=215,95,95
DecorationFocus=215,95,95
DecorationHover=215,95,95
ForegroundActive=82,139,139
ForegroundInactive=44,50,59
ForegroundLink=131,165,152
ForegroundNegative=168,115,34
ForegroundNeutral=168,153,132
ForegroundNormal=44,50,59
ForegroundPositive=131,165,152
ForegroundVisited=215,95,95

[Colors:Tooltip]
BackgroundAlternate=40,44,52
BackgroundNormal=40,44,52
DecorationFocus=215,95,95
DecorationHover=215,95,95
ForegroundActive=82,139,139
ForegroundInactive=168,153,132
ForegroundLink=131,165,152
ForegroundNegative=168,115,34
ForegroundNeutral=168,153,132
ForegroundNormal=213,196,161
ForegroundPositive=131,165,152
ForegroundVisited=215,95,95

[Colors:View]
BackgroundAlternate=40,44,52
BackgroundNormal=40,44,52
DecorationFocus=215,95,95
DecorationHover=215,95,95
ForegroundActive=82,139,139
ForegroundInactive=168,153,132
ForegroundLink=131,165,152
ForegroundNegative=168,115,34
ForegroundNeutral=168,153,132
ForegroundNormal=213,196,161
ForegroundPositive=131,165,152
ForegroundVisited=215,95,95

[Colors:Window]
BackgroundAlternate=40,44,52
BackgroundNormal=40,44,52
DecorationFocus=215,95,95
DecorationHover=215,95,95
ForegroundActive=82,139,139
ForegroundInactive=168,153,132
ForegroundLink=131,165,152
ForegroundNegative=168,115,34
ForegroundNeutral=168,153,132
ForegroundNormal=213,196,161
ForegroundPositive=131,165,152
ForegroundVisited=215,95,95

[General]
ColorScheme=Sandcastle Purple
Name=Sandcastle Purple
shadeSortColumn=true

[KDE]
contrast=4

[WM]
activeBackground=40,44,52
activeBlend=40,44,52
activeForeground=213,196,161
inactiveBackground=40,44,52
inactiveBlend=40,44,52
inactiveForeground=168,153,132
