[ColorEffects:Disabled]
Color=56,56,56
ColorAmount=0
ColorEffect=0
ContrastAmount=0.65000000000000002
ContrastEffect=1
IntensityAmount=0.10000000000000001
IntensityEffect=2

[ColorEffects:Inactive]
ChangeSelectionColor=true
Color=112,111,110
ColorAmount=0.025000000000000001
ColorEffect=2
ContrastAmount=0.10000000000000001
ContrastEffect=2
Enable=false
IntensityAmount=0
IntensityEffect=0


[Colors:Button]
BackgroundAlternate=0,38,53
BackgroundNormal=0,38,53
DecorationFocus=154,112,164
DecorationHover=154,112,164
ForegroundActive=127,192,110
ForegroundInactive=161,161,154
ForegroundLink=93,215,185
ForegroundNegative=196,48,96
ForegroundNeutral=161,161,154
ForegroundNormal=230,230,220
ForegroundPositive=20,116,126
ForegroundVisited=154,112,164

[Colors:Selection]
BackgroundAlternate=154,112,164
BackgroundNormal=154,112,164
DecorationFocus=154,112,164
DecorationHover=154,112,164
ForegroundActive=127,192,110
ForegroundInactive=0,56,77
ForegroundLink=93,215,185
ForegroundNegative=196,48,96
ForegroundNeutral=161,161,154
ForegroundNormal=0,56,77
ForegroundPositive=20,116,126
ForegroundVisited=154,112,164

[Colors:Tooltip]
BackgroundAlternate=0,38,53
BackgroundNormal=0,38,53
DecorationFocus=154,112,164
DecorationHover=154,112,164
ForegroundActive=127,192,110
ForegroundInactive=161,161,154
ForegroundLink=93,215,185
ForegroundNegative=196,48,96
ForegroundNeutral=161,161,154
ForegroundNormal=230,230,220
ForegroundPositive=20,116,126
ForegroundVisited=154,112,164

[Colors:View]
BackgroundAlternate=0,38,53
BackgroundNormal=0,38,53
DecorationFocus=154,112,164
DecorationHover=154,112,164
ForegroundActive=127,192,110
ForegroundInactive=161,161,154
ForegroundLink=93,215,185
ForegroundNegative=196,48,96
ForegroundNeutral=161,161,154
ForegroundNormal=230,230,220
ForegroundPositive=20,116,126
ForegroundVisited=154,112,164

[Colors:Window]
BackgroundAlternate=0,38,53
BackgroundNormal=0,38,53
DecorationFocus=154,112,164
DecorationHover=154,112,164
ForegroundActive=127,192,110
ForegroundInactive=161,161,154
ForegroundLink=93,215,185
ForegroundNegative=196,48,96
ForegroundNeutral=161,161,154
ForegroundNormal=230,230,220
ForegroundPositive=20,116,126
ForegroundVisited=154,112,164

[General]
ColorScheme=Atlas Purple
Name=Atlas Purple
shadeSortColumn=true

[KDE]
contrast=4

[WM]
activeBackground=0,38,53
activeBlend=0,38,53
activeForeground=230,230,220
inactiveBackground=0,38,53
inactiveBlend=0,38,53
inactiveForeground=161,161,154
