[ColorEffects:Disabled]
Color=56,56,56
ColorAmount=0
ColorEffect=0
ContrastAmount=0.65000000000000002
ContrastEffect=1
IntensityAmount=0.10000000000000001
IntensityEffect=2

[ColorEffects:Inactive]
ChangeSelectionColor=true
Color=112,111,110
ColorAmount=0.025000000000000001
ColorEffect=2
ContrastAmount=0.10000000000000001
ContrastEffect=2
Enable=false
IntensityAmount=0
IntensityEffect=0


[Colors:Button]
BackgroundAlternate=43,43,43
BackgroundNormal=43,43,43
DecorationFocus=182,179,235
DecorationHover=182,179,235
ForegroundActive=165,194,97
ForegroundInactive=230,225,220
ForegroundLink=109,156,190
ForegroundNegative=188,148,88
ForegroundNeutral=230,225,220
ForegroundNormal=244,241,237
ForegroundPositive=81,159,80
ForegroundVisited=182,179,235

[Colors:Selection]
BackgroundAlternate=182,179,235
BackgroundNormal=182,179,235
DecorationFocus=182,179,235
DecorationHover=182,179,235
ForegroundActive=165,194,97
ForegroundInactive=39,41,53
ForegroundLink=109,156,190
ForegroundNegative=188,148,88
ForegroundNeutral=230,225,220
ForegroundNormal=39,41,53
ForegroundPositive=81,159,80
ForegroundVisited=182,179,235

[Colors:Tooltip]
BackgroundAlternate=43,43,43
BackgroundNormal=43,43,43
DecorationFocus=182,179,235
DecorationHover=182,179,235
ForegroundActive=165,194,97
ForegroundInactive=230,225,220
ForegroundLink=109,156,190
ForegroundNegative=188,148,88
ForegroundNeutral=230,225,220
ForegroundNormal=244,241,237
ForegroundPositive=81,159,80
ForegroundVisited=182,179,235

[Colors:View]
BackgroundAlternate=43,43,43
BackgroundNormal=43,43,43
DecorationFocus=182,179,235
DecorationHover=182,179,235
ForegroundActive=165,194,97
ForegroundInactive=230,225,220
ForegroundLink=109,156,190
ForegroundNegative=188,148,88
ForegroundNeutral=230,225,220
ForegroundNormal=244,241,237
ForegroundPositive=81,159,80
ForegroundVisited=182,179,235

[Colors:Window]
BackgroundAlternate=43,43,43
BackgroundNormal=43,43,43
DecorationFocus=182,179,235
DecorationHover=182,179,235
ForegroundActive=165,194,97
ForegroundInactive=230,225,220
ForegroundLink=109,156,190
ForegroundNegative=188,148,88
ForegroundNeutral=230,225,220
ForegroundNormal=244,241,237
ForegroundPositive=81,159,80
ForegroundVisited=182,179,235

[General]
ColorScheme=Railscasts Purple
Name=Railscasts Purple
shadeSortColumn=true

[KDE]
contrast=4

[WM]
activeBackground=43,43,43
activeBlend=43,43,43
activeForeground=244,241,237
inactiveBackground=43,43,43
inactiveBlend=43,43,43
inactiveForeground=230,225,220
