[ColorEffects:Disabled]
Color=56,56,56
ColorAmount=0
ColorEffect=0
ContrastAmount=0.65000000000000002
ContrastEffect=1
IntensityAmount=0.10000000000000001
IntensityEffect=2

[ColorEffects:Inactive]
ChangeSelectionColor=true
Color=112,111,110
ColorAmount=0.025000000000000001
ColorEffect=2
ContrastAmount=0.10000000000000001
ContrastEffect=2
Enable=false
IntensityAmount=0
IntensityEffect=0


[Colors:Button]
BackgroundAlternate=46,52,64
BackgroundNormal=46,52,64
DecorationFocus=163,190,140
DecorationHover=163,190,140
ForegroundActive=191,97,106
ForegroundInactive=229,233,240
ForegroundLink=235,203,139
ForegroundNegative=180,142,173
ForegroundNeutral=229,233,240
ForegroundNormal=236,239,244
ForegroundPositive=208,135,112
ForegroundVisited=163,190,140

[Colors:Selection]
BackgroundAlternate=163,190,140
BackgroundNormal=163,190,140
DecorationFocus=163,190,140
DecorationHover=163,190,140
ForegroundActive=191,97,106
ForegroundInactive=59,66,82
ForegroundLink=235,203,139
ForegroundNegative=180,142,173
ForegroundNeutral=229,233,240
ForegroundNormal=59,66,82
ForegroundPositive=208,135,112
ForegroundVisited=163,190,140

[Colors:Tooltip]
BackgroundAlternate=46,52,64
BackgroundNormal=46,52,64
DecorationFocus=163,190,140
DecorationHover=163,190,140
ForegroundActive=191,97,106
ForegroundInactive=229,233,240
ForegroundLink=235,203,139
ForegroundNegative=180,142,173
ForegroundNeutral=229,233,240
ForegroundNormal=236,239,244
ForegroundPositive=208,135,112
ForegroundVisited=163,190,140

[Colors:View]
BackgroundAlternate=46,52,64
BackgroundNormal=46,52,64
DecorationFocus=163,190,140
DecorationHover=163,190,140
ForegroundActive=191,97,106
ForegroundInactive=229,233,240
ForegroundLink=235,203,139
ForegroundNegative=180,142,173
ForegroundNeutral=229,233,240
ForegroundNormal=236,239,244
ForegroundPositive=208,135,112
ForegroundVisited=163,190,140

[Colors:Window]
BackgroundAlternate=46,52,64
BackgroundNormal=46,52,64
DecorationFocus=163,190,140
DecorationHover=163,190,140
ForegroundActive=191,97,106
ForegroundInactive=229,233,240
ForegroundLink=235,203,139
ForegroundNegative=180,142,173
ForegroundNeutral=229,233,240
ForegroundNormal=236,239,244
ForegroundPositive=208,135,112
ForegroundVisited=163,190,140

[General]
ColorScheme=Nord Purple
Name=Nord Purple
shadeSortColumn=true

[KDE]
contrast=4

[WM]
activeBackground=46,52,64
activeBlend=46,52,64
activeForeground=236,239,244
inactiveBackground=46,52,64
inactiveBlend=46,52,64
inactiveForeground=229,233,240
