[ColorEffects:Disabled]
Color=56,56,56
ColorAmount=0
ColorEffect=0
ContrastAmount=0.65000000000000002
ContrastEffect=1
IntensityAmount=0.10000000000000001
IntensityEffect=2

[ColorEffects:Inactive]
ChangeSelectionColor=true
Color=112,111,110
ColorAmount=0.025000000000000001
ColorEffect=2
ContrastAmount=0.10000000000000001
ContrastEffect=2
Enable=false
IntensityAmount=0
IntensityEffect=0


[Colors:Button]
BackgroundAlternate=38,50,56
BackgroundNormal=38,50,56
DecorationFocus=130,170,255
DecorationHover=130,170,255
ForegroundActive=139,214,73
ForegroundInactive=205,211,222
ForegroundLink=137,221,255
ForegroundNegative=236,95,103
ForegroundNeutral=205,211,222
ForegroundNormal=213,219,229
ForegroundPositive=128,203,196
ForegroundVisited=130,170,255

[Colors:Selection]
BackgroundAlternate=130,170,255
BackgroundNormal=130,170,255
DecorationFocus=130,170,255
DecorationHover=130,170,255
ForegroundActive=139,214,73
ForegroundInactive=44,57,63
ForegroundLink=137,221,255
ForegroundNegative=236,95,103
ForegroundNeutral=205,211,222
ForegroundNormal=44,57,63
ForegroundPositive=128,203,196
ForegroundVisited=130,170,255

[Colors:Tooltip]
BackgroundAlternate=38,50,56
BackgroundNormal=38,50,56
DecorationFocus=130,170,255
DecorationHover=130,170,255
ForegroundActive=139,214,73
ForegroundInactive=205,211,222
ForegroundLink=137,221,255
ForegroundNegative=236,95,103
ForegroundNeutral=205,211,222
ForegroundNormal=213,219,229
ForegroundPositive=128,203,196
ForegroundVisited=130,170,255

[Colors:View]
BackgroundAlternate=38,50,56
BackgroundNormal=38,50,56
DecorationFocus=130,170,255
DecorationHover=130,170,255
ForegroundActive=139,214,73
ForegroundInactive=205,211,222
ForegroundLink=137,221,255
ForegroundNegative=236,95,103
ForegroundNeutral=205,211,222
ForegroundNormal=213,219,229
ForegroundPositive=128,203,196
ForegroundVisited=130,170,255

[Colors:Window]
BackgroundAlternate=38,50,56
BackgroundNormal=38,50,56
DecorationFocus=130,170,255
DecorationHover=130,170,255
ForegroundActive=139,214,73
ForegroundInactive=205,211,222
ForegroundLink=137,221,255
ForegroundNegative=236,95,103
ForegroundNeutral=205,211,222
ForegroundNormal=213,219,229
ForegroundPositive=128,203,196
ForegroundVisited=130,170,255

[General]
ColorScheme=Materia Purple
Name=Materia Purple
shadeSortColumn=true

[KDE]
contrast=4

[WM]
activeBackground=38,50,56
activeBlend=38,50,56
activeForeground=213,219,229
inactiveBackground=38,50,56
inactiveBlend=38,50,56
inactiveForeground=205,211,222
