[ColorEffects:Disabled]
Color=56,56,56
ColorAmount=0
ColorEffect=0
ContrastAmount=0.65000000000000002
ContrastEffect=1
IntensityAmount=0.10000000000000001
IntensityEffect=2

[ColorEffects:Inactive]
ChangeSelectionColor=true
Color=112,111,110
ColorAmount=0.025000000000000001
ColorEffect=2
ContrastAmount=0.10000000000000001
ContrastEffect=2
Enable=false
IntensityAmount=0
IntensityEffect=0


[Colors:Button]
BackgroundAlternate=25,23,28
BackgroundNormal=25,23,28
DecorationFocus=149,90,231
DecorationHover=149,90,231
ForegroundActive=42,146,146
ForegroundInactive=139,135,146
ForegroundLink=87,109,219
ForegroundNegative=191,64,191
ForegroundNeutral=139,135,146
ForegroundNormal=226,223,231
ForegroundPositive=57,139,198
ForegroundVisited=149,90,231

[Colors:Selection]
BackgroundAlternate=149,90,231
BackgroundNormal=149,90,231
DecorationFocus=149,90,231
DecorationHover=149,90,231
ForegroundActive=42,146,146
ForegroundInactive=38,35,42
ForegroundLink=87,109,219
ForegroundNegative=191,64,191
ForegroundNeutral=139,135,146
ForegroundNormal=38,35,42
ForegroundPositive=57,139,198
ForegroundVisited=149,90,231

[Colors:Tooltip]
BackgroundAlternate=25,23,28
BackgroundNormal=25,23,28
DecorationFocus=149,90,231
DecorationHover=149,90,231
ForegroundActive=42,146,146
ForegroundInactive=139,135,146
ForegroundLink=87,109,219
ForegroundNegative=191,64,191
ForegroundNeutral=139,135,146
ForegroundNormal=226,223,231
ForegroundPositive=57,139,198
ForegroundVisited=149,90,231

[Colors:View]
BackgroundAlternate=25,23,28
BackgroundNormal=25,23,28
DecorationFocus=149,90,231
DecorationHover=149,90,231
ForegroundActive=42,146,146
ForegroundInactive=139,135,146
ForegroundLink=87,109,219
ForegroundNegative=191,64,191
ForegroundNeutral=139,135,146
ForegroundNormal=226,223,231
ForegroundPositive=57,139,198
ForegroundVisited=149,90,231

[Colors:Window]
BackgroundAlternate=25,23,28
BackgroundNormal=25,23,28
DecorationFocus=149,90,231
DecorationHover=149,90,231
ForegroundActive=42,146,146
ForegroundInactive=139,135,146
ForegroundLink=87,109,219
ForegroundNegative=191,64,191
ForegroundNeutral=139,135,146
ForegroundNormal=226,223,231
ForegroundPositive=57,139,198
ForegroundVisited=149,90,231

[General]
ColorScheme=Atelier Cave Purple
Name=Atelier Cave Purple
shadeSortColumn=true

[KDE]
contrast=4

[WM]
activeBackground=25,23,28
activeBlend=25,23,28
activeForeground=226,223,231
inactiveBackground=25,23,28
inactiveBlend=25,23,28
inactiveForeground=139,135,146
