[ColorEffects:Disabled]
Color=56,56,56
ColorAmount=0
ColorEffect=0
ContrastAmount=0.65000000000000002
ContrastEffect=1
IntensityAmount=0.10000000000000001
IntensityEffect=2

[ColorEffects:Inactive]
ChangeSelectionColor=true
Color=112,111,110
ColorAmount=0.025000000000000001
ColorEffect=2
ContrastAmount=0.10000000000000001
ContrastEffect=2
Enable=false
IntensityAmount=0
IntensityEffect=0


[Colors:Button]
BackgroundAlternate=46,42,49
BackgroundNormal=46,42,49
DecorationFocus=216,19,127
DecorationHover=216,19,127
ForegroundActive=23,173,152
ForegroundInactive=188,186,190
ForegroundLink=121,106,245
ForegroundNegative=199,32,202
ForegroundNeutral=188,186,190
ForegroundNormal=216,215,218
ForegroundPositive=20,155,218
ForegroundVisited=187,96,234

[Colors:Selection]
BackgroundAlternate=216,19,127
BackgroundNormal=216,19,127
DecorationFocus=216,19,127
DecorationHover=216,19,127
ForegroundActive=23,173,152
ForegroundInactive=74,70,77
ForegroundLink=121,106,245
ForegroundNegative=199,32,202
ForegroundNeutral=188,186,190
ForegroundNormal=74,70,77
ForegroundPositive=20,155,218
ForegroundVisited=187,96,234

[Colors:Tooltip]
BackgroundAlternate=46,42,49
BackgroundNormal=46,42,49
DecorationFocus=216,19,127
DecorationHover=216,19,127
ForegroundActive=23,173,152
ForegroundInactive=188,186,190
ForegroundLink=121,106,245
ForegroundNegative=199,32,202
ForegroundNeutral=188,186,190
ForegroundNormal=216,215,218
ForegroundPositive=20,155,218
ForegroundVisited=187,96,234

[Colors:View]
BackgroundAlternate=46,42,49
BackgroundNormal=46,42,49
DecorationFocus=216,19,127
DecorationHover=216,19,127
ForegroundActive=23,173,152
ForegroundInactive=188,186,190
ForegroundLink=121,106,245
ForegroundNegative=199,32,202
ForegroundNeutral=188,186,190
ForegroundNormal=216,215,218
ForegroundPositive=20,155,218
ForegroundVisited=187,96,234

[Colors:Window]
BackgroundAlternate=46,42,49
BackgroundNormal=46,42,49
DecorationFocus=216,19,127
DecorationHover=216,19,127
ForegroundActive=23,173,152
ForegroundInactive=188,186,190
ForegroundLink=121,106,245
ForegroundNegative=199,32,202
ForegroundNeutral=188,186,190
ForegroundNormal=216,215,218
ForegroundPositive=20,155,218
ForegroundVisited=187,96,234

[General]
ColorScheme=Unikitty Dark
Name=Unikitty Dark
shadeSortColumn=true

[KDE]
contrast=4

[WM]
activeBackground=46,42,49
activeBlend=46,42,49
activeForeground=216,215,218
inactiveBackground=46,42,49
inactiveBlend=46,42,49
inactiveForeground=188,186,190
