[ColorEffects:Disabled]
Color=56,56,56
ColorAmount=0
ColorEffect=0
ContrastAmount=0.65000000000000002
ContrastEffect=1
IntensityAmount=0.10000000000000001
IntensityEffect=2

[ColorEffects:Inactive]
ChangeSelectionColor=true
Color=112,111,110
ColorAmount=0.025000000000000001
ColorEffect=2
ContrastAmount=0.10000000000000001
ContrastEffect=2
Enable=false
IntensityAmount=0
IntensityEffect=0


[Colors:Button]
BackgroundAlternate=30,30,30
BackgroundNormal=30,30,30
DecorationFocus=207,106,76
DecorationHover=207,106,76
ForegroundActive=143,157,106
ForegroundInactive=167,167,167
ForegroundLink=117,135,166
ForegroundNegative=155,112,63
ForegroundNeutral=167,167,167
ForegroundNormal=195,195,195
ForegroundPositive=175,196,219
ForegroundVisited=155,133,157

[Colors:Selection]
BackgroundAlternate=207,106,76
BackgroundNormal=207,106,76
DecorationFocus=207,106,76
DecorationHover=207,106,76
ForegroundActive=143,157,106
ForegroundInactive=50,53,55
ForegroundLink=117,135,166
ForegroundNegative=155,112,63
ForegroundNeutral=167,167,167
ForegroundNormal=50,53,55
ForegroundPositive=175,196,219
ForegroundVisited=155,133,157

[Colors:Tooltip]
BackgroundAlternate=30,30,30
BackgroundNormal=30,30,30
DecorationFocus=207,106,76
DecorationHover=207,106,76
ForegroundActive=143,157,106
ForegroundInactive=167,167,167
ForegroundLink=117,135,166
ForegroundNegative=155,112,63
ForegroundNeutral=167,167,167
ForegroundNormal=195,195,195
ForegroundPositive=175,196,219
ForegroundVisited=155,133,157

[Colors:View]
BackgroundAlternate=30,30,30
BackgroundNormal=30,30,30
DecorationFocus=207,106,76
DecorationHover=207,106,76
ForegroundActive=143,157,106
ForegroundInactive=167,167,167
ForegroundLink=117,135,166
ForegroundNegative=155,112,63
ForegroundNeutral=167,167,167
ForegroundNormal=195,195,195
ForegroundPositive=175,196,219
ForegroundVisited=155,133,157

[Colors:Window]
BackgroundAlternate=30,30,30
BackgroundNormal=30,30,30
DecorationFocus=207,106,76
DecorationHover=207,106,76
ForegroundActive=143,157,106
ForegroundInactive=167,167,167
ForegroundLink=117,135,166
ForegroundNegative=155,112,63
ForegroundNeutral=167,167,167
ForegroundNormal=195,195,195
ForegroundPositive=175,196,219
ForegroundVisited=155,133,157

[General]
ColorScheme=Twilight
Name=Twilight
shadeSortColumn=true

[KDE]
contrast=4

[WM]
activeBackground=30,30,30
activeBlend=30,30,30
activeForeground=195,195,195
inactiveBackground=30,30,30
inactiveBlend=30,30,30
inactiveForeground=167,167,167
