[ColorEffects:Disabled]
Color=56,56,56
ColorAmount=0
ColorEffect=0
ContrastAmount=0.65000000000000002
ContrastEffect=1
IntensityAmount=0.10000000000000001
IntensityEffect=2

[ColorEffects:Inactive]
ChangeSelectionColor=true
Color=112,111,110
ColorAmount=0.025000000000000001
ColorEffect=2
ContrastAmount=0.10000000000000001
ContrastEffect=2
Enable=false
IntensityAmount=0
IntensityEffect=0


[Colors:Button]
BackgroundAlternate=244,236,236
BackgroundNormal=244,236,236
DecorationFocus=202,73,73
DecorationHover=202,73,73
ForegroundActive=75,139,139
ForegroundInactive=88,80,80
ForegroundLink=114,114,202
ForegroundNegative=189,81,135
ForegroundNeutral=88,80,80
ForegroundNormal=41,36,36
ForegroundPositive=84,133,182
ForegroundVisited=132,100,196

[Colors:Selection]
BackgroundAlternate=202,73,73
BackgroundNormal=202,73,73
DecorationFocus=202,73,73
DecorationHover=202,73,73
ForegroundActive=75,139,139
ForegroundInactive=231,223,223
ForegroundLink=114,114,202
ForegroundNegative=189,81,135
ForegroundNeutral=88,80,80
ForegroundNormal=231,223,223
ForegroundPositive=84,133,182
ForegroundVisited=132,100,196

[Colors:Tooltip]
BackgroundAlternate=244,236,236
BackgroundNormal=244,236,236
DecorationFocus=202,73,73
DecorationHover=202,73,73
ForegroundActive=75,139,139
ForegroundInactive=88,80,80
ForegroundLink=114,114,202
ForegroundNegative=189,81,135
ForegroundNeutral=88,80,80
ForegroundNormal=41,36,36
ForegroundPositive=84,133,182
ForegroundVisited=132,100,196

[Colors:View]
BackgroundAlternate=244,236,236
BackgroundNormal=244,236,236
DecorationFocus=202,73,73
DecorationHover=202,73,73
ForegroundActive=75,139,139
ForegroundInactive=88,80,80
ForegroundLink=114,114,202
ForegroundNegative=189,81,135
ForegroundNeutral=88,80,80
ForegroundNormal=41,36,36
ForegroundPositive=84,133,182
ForegroundVisited=132,100,196

[Colors:Window]
BackgroundAlternate=244,236,236
BackgroundNormal=244,236,236
DecorationFocus=202,73,73
DecorationHover=202,73,73
ForegroundActive=75,139,139
ForegroundInactive=88,80,80
ForegroundLink=114,114,202
ForegroundNegative=189,81,135
ForegroundNeutral=88,80,80
ForegroundNormal=41,36,36
ForegroundPositive=84,133,182
ForegroundVisited=132,100,196

[General]
ColorScheme=Atelier Plateau Light
Name=Atelier Plateau Light
shadeSortColumn=true

[KDE]
contrast=4

[WM]
activeBackground=244,236,236
activeBlend=244,236,236
activeForeground=41,36,36
inactiveBackground=244,236,236
inactiveBlend=244,236,236
inactiveForeground=88,80,80
