[ColorEffects:Disabled]
Color=56,56,56
ColorAmount=0
ColorEffect=0
ContrastAmount=0.65000000000000002
ContrastEffect=1
IntensityAmount=0.10000000000000001
IntensityEffect=2

[ColorEffects:Inactive]
ChangeSelectionColor=true
Color=112,111,110
ColorAmount=0.025000000000000001
ColorEffect=2
ContrastAmount=0.10000000000000001
ContrastEffect=2
Enable=false
IntensityAmount=0
IntensityEffect=0


[Colors:Button]
BackgroundAlternate=251,241,242
BackgroundNormal=251,241,242
DecorationFocus=213,126,133
DecorationHover=213,126,133
ForegroundActive=163,179,103
ForegroundInactive=139,129,152
ForegroundLink=114,151,185
ForegroundNegative=186,165,140
ForegroundNeutral=139,129,152
ForegroundNormal=114,103,126
ForegroundPositive=105,169,167
ForegroundVisited=187,153,180

[Colors:Selection]
BackgroundAlternate=213,126,133
BackgroundNormal=213,126,133
DecorationFocus=213,126,133
DecorationHover=213,126,133
ForegroundActive=163,179,103
ForegroundInactive=242,241,244
ForegroundLink=114,151,185
ForegroundNegative=186,165,140
ForegroundNeutral=139,129,152
ForegroundNormal=242,241,244
ForegroundPositive=105,169,167
ForegroundVisited=187,153,180

[Colors:Tooltip]
BackgroundAlternate=251,241,242
BackgroundNormal=251,241,242
DecorationFocus=213,126,133
DecorationHover=213,126,133
ForegroundActive=163,179,103
ForegroundInactive=139,129,152
ForegroundLink=114,151,185
ForegroundNegative=186,165,140
ForegroundNeutral=139,129,152
ForegroundNormal=114,103,126
ForegroundPositive=105,169,167
ForegroundVisited=187,153,180

[Colors:View]
BackgroundAlternate=251,241,242
BackgroundNormal=251,241,242
DecorationFocus=213,126,133
DecorationHover=213,126,133
ForegroundActive=163,179,103
ForegroundInactive=139,129,152
ForegroundLink=114,151,185
ForegroundNegative=186,165,140
ForegroundNeutral=139,129,152
ForegroundNormal=114,103,126
ForegroundPositive=105,169,167
ForegroundVisited=187,153,180

[Colors:Window]
BackgroundAlternate=251,241,242
BackgroundNormal=251,241,242
DecorationFocus=213,126,133
DecorationHover=213,126,133
ForegroundActive=163,179,103
ForegroundInactive=139,129,152
ForegroundLink=114,151,185
ForegroundNegative=186,165,140
ForegroundNeutral=139,129,152
ForegroundNormal=114,103,126
ForegroundPositive=105,169,167
ForegroundVisited=187,153,180

[General]
ColorScheme=Cupcake
Name=Cupcake
shadeSortColumn=true

[KDE]
contrast=4

[WM]
activeBackground=251,241,242
activeBlend=251,241,242
activeForeground=114,103,126
inactiveBackground=251,241,242
inactiveBlend=251,241,242
inactiveForeground=139,129,152
