[ColorEffects:Disabled]
Color=56,56,56
ColorAmount=0
ColorEffect=0
ContrastAmount=0.65000000000000002
ContrastEffect=1
IntensityAmount=0.10000000000000001
IntensityEffect=2

[ColorEffects:Inactive]
ChangeSelectionColor=true
Color=112,111,110
ColorAmount=0.025000000000000001
ColorEffect=2
ContrastAmount=0.10000000000000001
ContrastEffect=2
Enable=false
IntensityAmount=0
IntensityEffect=0


[Colors:Button]
BackgroundAlternate=38,38,38
BackgroundNormal=38,38,38
DecorationFocus=215,95,95
DecorationHover=215,95,95
ForegroundActive=175,175,0
ForegroundInactive=218,185,151
ForegroundLink=131,173,173
ForegroundNegative=214,93,14
ForegroundNeutral=218,185,151
ForegroundNormal=213,196,161
ForegroundPositive=133,173,133
ForegroundVisited=212,133,173

[Colors:Selection]
BackgroundAlternate=215,95,95
BackgroundNormal=215,95,95
DecorationFocus=215,95,95
DecorationHover=215,95,95
ForegroundActive=175,175,0
ForegroundInactive=58,58,58
ForegroundLink=131,173,173
ForegroundNegative=214,93,14
ForegroundNeutral=218,185,151
ForegroundNormal=58,58,58
ForegroundPositive=133,173,133
ForegroundVisited=212,133,173

[Colors:Tooltip]
BackgroundAlternate=38,38,38
BackgroundNormal=38,38,38
DecorationFocus=215,95,95
DecorationHover=215,95,95
ForegroundActive=175,175,0
ForegroundInactive=218,185,151
ForegroundLink=131,173,173
ForegroundNegative=214,93,14
ForegroundNeutral=218,185,151
ForegroundNormal=213,196,161
ForegroundPositive=133,173,133
ForegroundVisited=212,133,173

[Colors:View]
BackgroundAlternate=38,38,38
BackgroundNormal=38,38,38
DecorationFocus=215,95,95
DecorationHover=215,95,95
ForegroundActive=175,175,0
ForegroundInactive=218,185,151
ForegroundLink=131,173,173
ForegroundNegative=214,93,14
ForegroundNeutral=218,185,151
ForegroundNormal=213,196,161
ForegroundPositive=133,173,133
ForegroundVisited=212,133,173

[Colors:Window]
BackgroundAlternate=38,38,38
BackgroundNormal=38,38,38
DecorationFocus=215,95,95
DecorationHover=215,95,95
ForegroundActive=175,175,0
ForegroundInactive=218,185,151
ForegroundLink=131,173,173
ForegroundNegative=214,93,14
ForegroundNeutral=218,185,151
ForegroundNormal=213,196,161
ForegroundPositive=133,173,133
ForegroundVisited=212,133,173

[General]
ColorScheme=Gruvbox dark, pale
Name=Gruvbox dark, pale
shadeSortColumn=true

[KDE]
contrast=4

[WM]
activeBackground=38,38,38
activeBlend=38,38,38
activeForeground=213,196,161
inactiveBackground=38,38,38
inactiveBlend=38,38,38
inactiveForeground=218,185,151
