[ColorEffects:Disabled]
Color=56,56,56
ColorAmount=0
ColorEffect=0
ContrastAmount=0.65000000000000002
ContrastEffect=1
IntensityAmount=0.10000000000000001
IntensityEffect=2

[ColorEffects:Inactive]
ChangeSelectionColor=true
Color=112,111,110
ColorAmount=0.025000000000000001
ColorEffect=2
ContrastAmount=0.10000000000000001
ContrastEffect=2
Enable=false
IntensityAmount=0
IntensityEffect=0


[Colors:Button]
BackgroundAlternate=28,32,35
BackgroundNormal=28,32,35
DecorationFocus=199,174,149
DecorationHover=199,174,149
ForegroundActive=149,199,174
ForegroundInactive=199,204,209
ForegroundLink=174,149,199
ForegroundNegative=199,149,149
ForegroundNeutral=199,204,209
ForegroundNormal=223,226,229
ForegroundPositive=149,174,199
ForegroundVisited=199,149,174

[Colors:Selection]
BackgroundAlternate=199,174,149
BackgroundNormal=199,174,149
DecorationFocus=199,174,149
DecorationHover=199,174,149
ForegroundActive=149,199,174
ForegroundInactive=57,63,69
ForegroundLink=174,149,199
ForegroundNegative=199,149,149
ForegroundNeutral=199,204,209
ForegroundNormal=57,63,69
ForegroundPositive=149,174,199
ForegroundVisited=199,149,174

[Colors:Tooltip]
BackgroundAlternate=28,32,35
BackgroundNormal=28,32,35
DecorationFocus=199,174,149
DecorationHover=199,174,149
ForegroundActive=149,199,174
ForegroundInactive=199,204,209
ForegroundLink=174,149,199
ForegroundNegative=199,149,149
ForegroundNeutral=199,204,209
ForegroundNormal=223,226,229
ForegroundPositive=149,174,199
ForegroundVisited=199,149,174

[Colors:View]
BackgroundAlternate=28,32,35
BackgroundNormal=28,32,35
DecorationFocus=199,174,149
DecorationHover=199,174,149
ForegroundActive=149,199,174
ForegroundInactive=199,204,209
ForegroundLink=174,149,199
ForegroundNegative=199,149,149
ForegroundNeutral=199,204,209
ForegroundNormal=223,226,229
ForegroundPositive=149,174,199
ForegroundVisited=199,149,174

[Colors:Window]
BackgroundAlternate=28,32,35
BackgroundNormal=28,32,35
DecorationFocus=199,174,149
DecorationHover=199,174,149
ForegroundActive=149,199,174
ForegroundInactive=199,204,209
ForegroundLink=174,149,199
ForegroundNegative=199,149,149
ForegroundNeutral=199,204,209
ForegroundNormal=223,226,229
ForegroundPositive=149,174,199
ForegroundVisited=199,149,174

[General]
ColorScheme=Ashes
Name=Ashes
shadeSortColumn=true

[KDE]
contrast=4

[WM]
activeBackground=28,32,35
activeBlend=28,32,35
activeForeground=223,226,229
inactiveBackground=28,32,35
inactiveBlend=28,32,35
inactiveForeground=199,204,209
