[ColorEffects:Disabled]
Color=56,56,56
ColorAmount=0
ColorEffect=0
ContrastAmount=0.65000000000000002
ContrastEffect=1
IntensityAmount=0.10000000000000001
IntensityEffect=2

[ColorEffects:Inactive]
ChangeSelectionColor=true
Color=112,111,110
ColorAmount=0.025000000000000001
ColorEffect=2
ContrastAmount=0.10000000000000001
ContrastEffect=2
Enable=false
IntensityAmount=0
IntensityEffect=0


[Colors:Button]
BackgroundAlternate=35,30,24
BackgroundNormal=35,30,24
DecorationFocus=211,92,92
DecorationHover=211,92,92
ForegroundActive=183,186,83
ForegroundInactive=202,188,177
ForegroundLink=136,164,211
ForegroundNegative=180,147,104
ForegroundNeutral=202,188,177
ForegroundNormal=215,200,188
ForegroundPositive=110,185,88
ForegroundVisited=187,144,226

[Colors:Selection]
BackgroundAlternate=211,92,92
BackgroundNormal=211,92,92
DecorationFocus=211,92,92
DecorationHover=211,92,92
ForegroundActive=183,186,83
ForegroundInactive=48,43,37
ForegroundLink=136,164,211
ForegroundNegative=180,147,104
ForegroundNeutral=202,188,177
ForegroundNormal=48,43,37
ForegroundPositive=110,185,88
ForegroundVisited=187,144,226

[Colors:Tooltip]
BackgroundAlternate=35,30,24
BackgroundNormal=35,30,24
DecorationFocus=211,92,92
DecorationHover=211,92,92
ForegroundActive=183,186,83
ForegroundInactive=202,188,177
ForegroundLink=136,164,211
ForegroundNegative=180,147,104
ForegroundNeutral=202,188,177
ForegroundNormal=215,200,188
ForegroundPositive=110,185,88
ForegroundVisited=187,144,226

[Colors:View]
BackgroundAlternate=35,30,24
BackgroundNormal=35,30,24
DecorationFocus=211,92,92
DecorationHover=211,92,92
ForegroundActive=183,186,83
ForegroundInactive=202,188,177
ForegroundLink=136,164,211
ForegroundNegative=180,147,104
ForegroundNeutral=202,188,177
ForegroundNormal=215,200,188
ForegroundPositive=110,185,88
ForegroundVisited=187,144,226

[Colors:Window]
BackgroundAlternate=35,30,24
BackgroundNormal=35,30,24
DecorationFocus=211,92,92
DecorationHover=211,92,92
ForegroundActive=183,186,83
ForegroundInactive=202,188,177
ForegroundLink=136,164,211
ForegroundNegative=180,147,104
ForegroundNeutral=202,188,177
ForegroundNormal=215,200,188
ForegroundPositive=110,185,88
ForegroundVisited=187,144,226

[General]
ColorScheme=Woodland
Name=Woodland
shadeSortColumn=true

[KDE]
contrast=4

[WM]
activeBackground=35,30,24
activeBlend=35,30,24
activeForeground=215,200,188
inactiveBackground=35,30,24
inactiveBlend=35,30,24
inactiveForeground=202,188,177
