[ColorEffects:Disabled]
Color=56,56,56
ColorAmount=0
ColorEffect=0
ContrastAmount=0.65000000000000002
ContrastEffect=1
IntensityAmount=0.10000000000000001
IntensityEffect=2

[ColorEffects:Inactive]
ChangeSelectionColor=true
Color=112,111,110
ColorAmount=0.025000000000000001
ColorEffect=2
ContrastAmount=0.10000000000000001
ContrastEffect=2
Enable=false
IntensityAmount=0
IntensityEffect=0


[Colors:Button]
BackgroundAlternate=238,238,238
BackgroundNormal=238,238,238
DecorationFocus=188,188,188
DecorationHover=188,188,188
ForegroundActive=135,0,175
ForegroundInactive=135,135,135
ForegroundLink=215,95,0
ForegroundNegative=0,95,135
ForegroundNeutral=135,135,135
ForegroundNormal=0,95,135
ForegroundPositive=215,95,0
ForegroundVisited=0,95,175

[Colors:Selection]
BackgroundAlternate=188,188,188
BackgroundNormal=188,188,188
DecorationFocus=188,188,188
DecorationHover=188,188,188
ForegroundActive=135,0,175
ForegroundInactive=175,0,0
ForegroundLink=215,95,0
ForegroundNegative=0,95,135
ForegroundNeutral=135,135,135
ForegroundNormal=175,0,0
ForegroundPositive=215,95,0
ForegroundVisited=0,95,175

[Colors:Tooltip]
BackgroundAlternate=238,238,238
BackgroundNormal=238,238,238
DecorationFocus=188,188,188
DecorationHover=188,188,188
ForegroundActive=135,0,175
ForegroundInactive=135,135,135
ForegroundLink=215,95,0
ForegroundNegative=0,95,135
ForegroundNeutral=135,135,135
ForegroundNormal=0,95,135
ForegroundPositive=215,95,0
ForegroundVisited=0,95,175

[Colors:View]
BackgroundAlternate=238,238,238
BackgroundNormal=238,238,238
DecorationFocus=188,188,188
DecorationHover=188,188,188
ForegroundActive=135,0,175
ForegroundInactive=135,135,135
ForegroundLink=215,95,0
ForegroundNegative=0,95,135
ForegroundNeutral=135,135,135
ForegroundNormal=0,95,135
ForegroundPositive=215,95,0
ForegroundVisited=0,95,175

[Colors:Window]
BackgroundAlternate=238,238,238
BackgroundNormal=238,238,238
DecorationFocus=188,188,188
DecorationHover=188,188,188
ForegroundActive=135,0,175
ForegroundInactive=135,135,135
ForegroundLink=215,95,0
ForegroundNegative=0,95,135
ForegroundNeutral=135,135,135
ForegroundNormal=0,95,135
ForegroundPositive=215,95,0
ForegroundVisited=0,95,175

[General]
ColorScheme=PaperColor Light
Name=PaperColor Light
shadeSortColumn=true

[KDE]
contrast=4

[WM]
activeBackground=238,238,238
activeBlend=238,238,238
activeForeground=0,95,135
inactiveBackground=238,238,238
inactiveBlend=238,238,238
inactiveForeground=135,135,135
