[ColorEffects:Disabled]
Color=56,56,56
ColorAmount=0
ColorEffect=0
ContrastAmount=0.65000000000000002
ContrastEffect=1
IntensityAmount=0.10000000000000001
IntensityEffect=2

[ColorEffects:Inactive]
ChangeSelectionColor=true
Color=112,111,110
ColorAmount=0.025000000000000001
ColorEffect=2
ContrastAmount=0.10000000000000001
ContrastEffect=2
Enable=false
IntensityAmount=0
IntensityEffect=0


[Colors:Button]
BackgroundAlternate=255,255,255
BackgroundNormal=255,255,255
DecorationFocus=237,106,67
DecorationHover=237,106,67
ForegroundActive=24,54,145
ForegroundInactive=51,51,51
ForegroundLink=121,93,163
ForegroundNegative=51,51,51
ForegroundNeutral=51,51,51
ForegroundNormal=255,255,255
ForegroundPositive=24,54,145
ForegroundVisited=167,29,93

[Colors:Selection]
BackgroundAlternate=237,106,67
BackgroundNormal=237,106,67
DecorationFocus=237,106,67
DecorationHover=237,106,67
ForegroundActive=24,54,145
ForegroundInactive=245,245,245
ForegroundLink=121,93,163
ForegroundNegative=51,51,51
ForegroundNeutral=51,51,51
ForegroundNormal=245,245,245
ForegroundPositive=24,54,145
ForegroundVisited=167,29,93

[Colors:Tooltip]
BackgroundAlternate=255,255,255
BackgroundNormal=255,255,255
DecorationFocus=237,106,67
DecorationHover=237,106,67
ForegroundActive=24,54,145
ForegroundInactive=51,51,51
ForegroundLink=121,93,163
ForegroundNegative=51,51,51
ForegroundNeutral=51,51,51
ForegroundNormal=255,255,255
ForegroundPositive=24,54,145
ForegroundVisited=167,29,93

[Colors:View]
BackgroundAlternate=255,255,255
BackgroundNormal=255,255,255
DecorationFocus=237,106,67
DecorationHover=237,106,67
ForegroundActive=24,54,145
ForegroundInactive=51,51,51
ForegroundLink=121,93,163
ForegroundNegative=51,51,51
ForegroundNeutral=51,51,51
ForegroundNormal=255,255,255
ForegroundPositive=24,54,145
ForegroundVisited=167,29,93

[Colors:Window]
BackgroundAlternate=255,255,255
BackgroundNormal=255,255,255
DecorationFocus=237,106,67
DecorationHover=237,106,67
ForegroundActive=24,54,145
ForegroundInactive=51,51,51
ForegroundLink=121,93,163
ForegroundNegative=51,51,51
ForegroundNeutral=51,51,51
ForegroundNormal=255,255,255
ForegroundPositive=24,54,145
ForegroundVisited=167,29,93

[General]
ColorScheme=Github
Name=Github
shadeSortColumn=true

[KDE]
contrast=4

[WM]
activeBackground=255,255,255
activeBlend=255,255,255
activeForeground=255,255,255
inactiveBackground=255,255,255
inactiveBlend=255,255,255
inactiveForeground=51,51,51
