[ColorEffects:Disabled]
Color=56,56,56
ColorAmount=0
ColorEffect=0
ContrastAmount=0.65000000000000002
ContrastEffect=1
IntensityAmount=0.10000000000000001
IntensityEffect=2

[ColorEffects:Inactive]
ChangeSelectionColor=true
Color=112,111,110
ColorAmount=0.025000000000000001
ColorEffect=2
ContrastAmount=0.10000000000000001
ContrastEffect=2
Enable=false
IntensityAmount=0
IntensityEffect=0


[Colors:Button]
BackgroundAlternate=0,0,0
BackgroundNormal=0,0,0
DecorationFocus=255,108,96
DecorationHover=255,108,96
ForegroundActive=168,255,96
ForegroundInactive=181,179,170
ForegroundLink=150,203,254
ForegroundNegative=177,138,61
ForegroundNeutral=181,179,170
ForegroundNormal=217,215,204
ForegroundPositive=198,197,254
ForegroundVisited=255,115,253

[Colors:Selection]
BackgroundAlternate=255,108,96
BackgroundNormal=255,108,96
DecorationFocus=255,108,96
DecorationHover=255,108,96
ForegroundActive=168,255,96
ForegroundInactive=36,36,34
ForegroundLink=150,203,254
ForegroundNegative=177,138,61
ForegroundNeutral=181,179,170
ForegroundNormal=36,36,34
ForegroundPositive=198,197,254
ForegroundVisited=255,115,253

[Colors:Tooltip]
BackgroundAlternate=0,0,0
BackgroundNormal=0,0,0
DecorationFocus=255,108,96
DecorationHover=255,108,96
ForegroundActive=168,255,96
ForegroundInactive=181,179,170
ForegroundLink=150,203,254
ForegroundNegative=177,138,61
ForegroundNeutral=181,179,170
ForegroundNormal=217,215,204
ForegroundPositive=198,197,254
ForegroundVisited=255,115,253

[Colors:View]
BackgroundAlternate=0,0,0
BackgroundNormal=0,0,0
DecorationFocus=255,108,96
DecorationHover=255,108,96
ForegroundActive=168,255,96
ForegroundInactive=181,179,170
ForegroundLink=150,203,254
ForegroundNegative=177,138,61
ForegroundNeutral=181,179,170
ForegroundNormal=217,215,204
ForegroundPositive=198,197,254
ForegroundVisited=255,115,253

[Colors:Window]
BackgroundAlternate=0,0,0
BackgroundNormal=0,0,0
DecorationFocus=255,108,96
DecorationHover=255,108,96
ForegroundActive=168,255,96
ForegroundInactive=181,179,170
ForegroundLink=150,203,254
ForegroundNegative=177,138,61
ForegroundNeutral=181,179,170
ForegroundNormal=217,215,204
ForegroundPositive=198,197,254
ForegroundVisited=255,115,253

[General]
ColorScheme=IR Black
Name=IR Black
shadeSortColumn=true

[KDE]
contrast=4

[WM]
activeBackground=0,0,0
activeBlend=0,0,0
activeForeground=217,215,204
inactiveBackground=0,0,0
inactiveBlend=0,0,0
inactiveForeground=181,179,170
