[ColorEffects:Disabled]
Color=56,56,56
ColorAmount=0
ColorEffect=0
ContrastAmount=0.65000000000000002
ContrastEffect=1
IntensityAmount=0.10000000000000001
IntensityEffect=2

[ColorEffects:Inactive]
ChangeSelectionColor=true
Color=112,111,110
ColorAmount=0.025000000000000001
ColorEffect=2
ContrastAmount=0.10000000000000001
ContrastEffect=2
Enable=false
IntensityAmount=0
IntensityEffect=0


[Colors:Button]
BackgroundAlternate=29,31,33
BackgroundNormal=29,31,33
DecorationFocus=204,52,43
DecorationHover=204,52,43
ForegroundActive=25,136,68
ForegroundInactive=197,200,198
ForegroundLink=57,113,237
ForegroundNegative=57,113,237
ForegroundNeutral=197,200,198
ForegroundNormal=224,224,224
ForegroundPositive=57,113,237
ForegroundVisited=163,106,199

[Colors:Selection]
BackgroundAlternate=204,52,43
BackgroundNormal=204,52,43
DecorationFocus=204,52,43
DecorationHover=204,52,43
ForegroundActive=25,136,68
ForegroundInactive=40,42,46
ForegroundLink=57,113,237
ForegroundNegative=57,113,237
ForegroundNeutral=197,200,198
ForegroundNormal=40,42,46
ForegroundPositive=57,113,237
ForegroundVisited=163,106,199

[Colors:Tooltip]
BackgroundAlternate=29,31,33
BackgroundNormal=29,31,33
DecorationFocus=204,52,43
DecorationHover=204,52,43
ForegroundActive=25,136,68
ForegroundInactive=197,200,198
ForegroundLink=57,113,237
ForegroundNegative=57,113,237
ForegroundNeutral=197,200,198
ForegroundNormal=224,224,224
ForegroundPositive=57,113,237
ForegroundVisited=163,106,199

[Colors:View]
BackgroundAlternate=29,31,33
BackgroundNormal=29,31,33
DecorationFocus=204,52,43
DecorationHover=204,52,43
ForegroundActive=25,136,68
ForegroundInactive=197,200,198
ForegroundLink=57,113,237
ForegroundNegative=57,113,237
ForegroundNeutral=197,200,198
ForegroundNormal=224,224,224
ForegroundPositive=57,113,237
ForegroundVisited=163,106,199

[Colors:Window]
BackgroundAlternate=29,31,33
BackgroundNormal=29,31,33
DecorationFocus=204,52,43
DecorationHover=204,52,43
ForegroundActive=25,136,68
ForegroundInactive=197,200,198
ForegroundLink=57,113,237
ForegroundNegative=57,113,237
ForegroundNeutral=197,200,198
ForegroundNormal=224,224,224
ForegroundPositive=57,113,237
ForegroundVisited=163,106,199

[General]
ColorScheme=Google Dark
Name=Google Dark
shadeSortColumn=true

[KDE]
contrast=4

[WM]
activeBackground=29,31,33
activeBlend=29,31,33
activeForeground=224,224,224
inactiveBackground=29,31,33
inactiveBlend=29,31,33
inactiveForeground=197,200,198
