[ColorEffects:Disabled]
Color=56,56,56
ColorAmount=0
ColorEffect=0
ContrastAmount=0.65000000000000002
ContrastEffect=1
IntensityAmount=0.10000000000000001
IntensityEffect=2

[ColorEffects:Inactive]
ChangeSelectionColor=true
Color=112,111,110
ColorAmount=0.025000000000000001
ColorEffect=2
ContrastAmount=0.10000000000000001
ContrastEffect=2
Enable=false
IntensityAmount=0
IntensityEffect=0


[Colors:Button]
BackgroundAlternate=24,24,24
BackgroundNormal=24,24,24
DecorationFocus=171,70,66
DecorationHover=171,70,66
ForegroundActive=161,181,108
ForegroundInactive=216,216,216
ForegroundLink=124,175,194
ForegroundNegative=161,105,70
ForegroundNeutral=216,216,216
ForegroundNormal=232,232,232
ForegroundPositive=134,193,185
ForegroundVisited=186,139,175

[Colors:Selection]
BackgroundAlternate=171,70,66
BackgroundNormal=171,70,66
DecorationFocus=171,70,66
DecorationHover=171,70,66
ForegroundActive=161,181,108
ForegroundInactive=40,40,40
ForegroundLink=124,175,194
ForegroundNegative=161,105,70
ForegroundNeutral=216,216,216
ForegroundNormal=40,40,40
ForegroundPositive=134,193,185
ForegroundVisited=186,139,175

[Colors:Tooltip]
BackgroundAlternate=24,24,24
BackgroundNormal=24,24,24
DecorationFocus=171,70,66
DecorationHover=171,70,66
ForegroundActive=161,181,108
ForegroundInactive=216,216,216
ForegroundLink=124,175,194
ForegroundNegative=161,105,70
ForegroundNeutral=216,216,216
ForegroundNormal=232,232,232
ForegroundPositive=134,193,185
ForegroundVisited=186,139,175

[Colors:View]
BackgroundAlternate=24,24,24
BackgroundNormal=24,24,24
DecorationFocus=171,70,66
DecorationHover=171,70,66
ForegroundActive=161,181,108
ForegroundInactive=216,216,216
ForegroundLink=124,175,194
ForegroundNegative=161,105,70
ForegroundNeutral=216,216,216
ForegroundNormal=232,232,232
ForegroundPositive=134,193,185
ForegroundVisited=186,139,175

[Colors:Window]
BackgroundAlternate=24,24,24
BackgroundNormal=24,24,24
DecorationFocus=171,70,66
DecorationHover=171,70,66
ForegroundActive=161,181,108
ForegroundInactive=216,216,216
ForegroundLink=124,175,194
ForegroundNegative=161,105,70
ForegroundNeutral=216,216,216
ForegroundNormal=232,232,232
ForegroundPositive=134,193,185
ForegroundVisited=186,139,175

[General]
ColorScheme=Default Dark
Name=Default Dark
shadeSortColumn=true

[KDE]
contrast=4

[WM]
activeBackground=24,24,24
activeBlend=24,24,24
activeForeground=232,232,232
inactiveBackground=24,24,24
inactiveBlend=24,24,24
inactiveForeground=216,216,216
