[ColorEffects:Disabled]
Color=56,56,56
ColorAmount=0
ColorEffect=0
ContrastAmount=0.65000000000000002
ContrastEffect=1
IntensityAmount=0.10000000000000001
IntensityEffect=2

[ColorEffects:Inactive]
ChangeSelectionColor=true
Color=112,111,110
ColorAmount=0.025000000000000001
ColorEffect=2
ContrastAmount=0.10000000000000001
ContrastEffect=2
Enable=false
IntensityAmount=0
IntensityEffect=0


[Colors:Button]
BackgroundAlternate=12,13,14
BackgroundNormal=12,13,14
DecorationFocus=227,26,28
DecorationHover=227,26,28
ForegroundActive=49,163,84
ForegroundInactive=183,184,185
ForegroundLink=49,130,189
ForegroundNegative=177,89,40
ForegroundNeutral=183,184,185
ForegroundNormal=218,219,220
ForegroundPositive=128,177,211
ForegroundVisited=117,107,177

[Colors:Selection]
BackgroundAlternate=227,26,28
BackgroundNormal=227,26,28
DecorationFocus=227,26,28
DecorationHover=227,26,28
ForegroundActive=49,163,84
ForegroundInactive=46,47,48
ForegroundLink=49,130,189
ForegroundNegative=177,89,40
ForegroundNeutral=183,184,185
ForegroundNormal=46,47,48
ForegroundPositive=128,177,211
ForegroundVisited=117,107,177

[Colors:Tooltip]
BackgroundAlternate=12,13,14
BackgroundNormal=12,13,14
DecorationFocus=227,26,28
DecorationHover=227,26,28
ForegroundActive=49,163,84
ForegroundInactive=183,184,185
ForegroundLink=49,130,189
ForegroundNegative=177,89,40
ForegroundNeutral=183,184,185
ForegroundNormal=218,219,220
ForegroundPositive=128,177,211
ForegroundVisited=117,107,177

[Colors:View]
BackgroundAlternate=12,13,14
BackgroundNormal=12,13,14
DecorationFocus=227,26,28
DecorationHover=227,26,28
ForegroundActive=49,163,84
ForegroundInactive=183,184,185
ForegroundLink=49,130,189
ForegroundNegative=177,89,40
ForegroundNeutral=183,184,185
ForegroundNormal=218,219,220
ForegroundPositive=128,177,211
ForegroundVisited=117,107,177

[Colors:Window]
BackgroundAlternate=12,13,14
BackgroundNormal=12,13,14
DecorationFocus=227,26,28
DecorationHover=227,26,28
ForegroundActive=49,163,84
ForegroundInactive=183,184,185
ForegroundLink=49,130,189
ForegroundNegative=177,89,40
ForegroundNeutral=183,184,185
ForegroundNormal=218,219,220
ForegroundPositive=128,177,211
ForegroundVisited=117,107,177

[General]
ColorScheme=Brewer
Name=Brewer
shadeSortColumn=true

[KDE]
contrast=4

[WM]
activeBackground=12,13,14
activeBlend=12,13,14
activeForeground=218,219,220
inactiveBackground=12,13,14
inactiveBlend=12,13,14
inactiveForeground=183,184,185
