[ColorEffects:Disabled]
Color=56,56,56
ColorAmount=0
ColorEffect=0
ContrastAmount=0.65000000000000002
ContrastEffect=1
IntensityAmount=0.10000000000000001
IntensityEffect=2

[ColorEffects:Inactive]
ChangeSelectionColor=true
Color=112,111,110
ColorAmount=0.025000000000000001
ColorEffect=2
ContrastAmount=0.10000000000000001
ContrastEffect=2
Enable=false
IntensityAmount=0
IntensityEffect=0


[Colors:Button]
BackgroundAlternate=246,246,246
BackgroundNormal=246,246,246
DecorationFocus=156,90,2
DecorationHover=156,90,2
ForegroundActive=56,120,28
ForegroundInactive=24,24,24
ForegroundLink=72,186,194
ForegroundNegative=139,108,55
ForegroundNeutral=24,24,24
ForegroundNormal=232,232,232
ForegroundPositive=45,107,177
ForegroundVisited=169,69,152

[Colors:Selection]
BackgroundAlternate=156,90,2
BackgroundNormal=156,90,2
DecorationFocus=156,90,2
DecorationHover=156,90,2
ForegroundActive=56,120,28
ForegroundInactive=222,222,222
ForegroundLink=72,186,194
ForegroundNegative=139,108,55
ForegroundNeutral=24,24,24
ForegroundNormal=222,222,222
ForegroundPositive=45,107,177
ForegroundVisited=169,69,152

[Colors:Tooltip]
BackgroundAlternate=246,246,246
BackgroundNormal=246,246,246
DecorationFocus=156,90,2
DecorationHover=156,90,2
ForegroundActive=56,120,28
ForegroundInactive=24,24,24
ForegroundLink=72,186,194
ForegroundNegative=139,108,55
ForegroundNeutral=24,24,24
ForegroundNormal=232,232,232
ForegroundPositive=45,107,177
ForegroundVisited=169,69,152

[Colors:View]
BackgroundAlternate=246,246,246
BackgroundNormal=246,246,246
DecorationFocus=156,90,2
DecorationHover=156,90,2
ForegroundActive=56,120,28
ForegroundInactive=24,24,24
ForegroundLink=72,186,194
ForegroundNegative=139,108,55
ForegroundNeutral=24,24,24
ForegroundNormal=232,232,232
ForegroundPositive=45,107,177
ForegroundVisited=169,69,152

[Colors:Window]
BackgroundAlternate=246,246,246
BackgroundNormal=246,246,246
DecorationFocus=156,90,2
DecorationHover=156,90,2
ForegroundActive=56,120,28
ForegroundInactive=24,24,24
ForegroundLink=72,186,194
ForegroundNegative=139,108,55
ForegroundNeutral=24,24,24
ForegroundNormal=232,232,232
ForegroundPositive=45,107,177
ForegroundVisited=169,69,152

[General]
ColorScheme=iA Light
Name=iA Light
shadeSortColumn=true

[KDE]
contrast=4

[WM]
activeBackground=246,246,246
activeBlend=246,246,246
activeForeground=232,232,232
inactiveBackground=246,246,246
inactiveBlend=246,246,246
inactiveForeground=24,24,24
