[ColorEffects:Disabled]
Color=56,56,56
ColorAmount=0
ColorEffect=0
ContrastAmount=0.65000000000000002
ContrastEffect=1
IntensityAmount=0.10000000000000001
IntensityEffect=2

[ColorEffects:Inactive]
ChangeSelectionColor=true
Color=112,111,110
ColorAmount=0.025000000000000001
ColorEffect=2
ContrastAmount=0.10000000000000001
ContrastEffect=2
Enable=false
IntensityAmount=0
IntensityEffect=0


[Colors:Button]
BackgroundAlternate=245,247,255
BackgroundNormal=245,247,255
DecorationFocus=201,73,34
DecorationHover=201,73,34
ForegroundActive=172,151,57
ForegroundInactive=94,102,135
ForegroundLink=61,143,209
ForegroundNegative=156,99,122
ForegroundNeutral=94,102,135
ForegroundNormal=41,50,86
ForegroundPositive=34,162,201
ForegroundVisited=102,121,204

[Colors:Selection]
BackgroundAlternate=201,73,34
BackgroundNormal=201,73,34
DecorationFocus=201,73,34
DecorationHover=201,73,34
ForegroundActive=172,151,57
ForegroundInactive=223,226,241
ForegroundLink=61,143,209
ForegroundNegative=156,99,122
ForegroundNeutral=94,102,135
ForegroundNormal=223,226,241
ForegroundPositive=34,162,201
ForegroundVisited=102,121,204

[Colors:Tooltip]
BackgroundAlternate=245,247,255
BackgroundNormal=245,247,255
DecorationFocus=201,73,34
DecorationHover=201,73,34
ForegroundActive=172,151,57
ForegroundInactive=94,102,135
ForegroundLink=61,143,209
ForegroundNegative=156,99,122
ForegroundNeutral=94,102,135
ForegroundNormal=41,50,86
ForegroundPositive=34,162,201
ForegroundVisited=102,121,204

[Colors:View]
BackgroundAlternate=245,247,255
BackgroundNormal=245,247,255
DecorationFocus=201,73,34
DecorationHover=201,73,34
ForegroundActive=172,151,57
ForegroundInactive=94,102,135
ForegroundLink=61,143,209
ForegroundNegative=156,99,122
ForegroundNeutral=94,102,135
ForegroundNormal=41,50,86
ForegroundPositive=34,162,201
ForegroundVisited=102,121,204

[Colors:Window]
BackgroundAlternate=245,247,255
BackgroundNormal=245,247,255
DecorationFocus=201,73,34
DecorationHover=201,73,34
ForegroundActive=172,151,57
ForegroundInactive=94,102,135
ForegroundLink=61,143,209
ForegroundNegative=156,99,122
ForegroundNeutral=94,102,135
ForegroundNormal=41,50,86
ForegroundPositive=34,162,201
ForegroundVisited=102,121,204

[General]
ColorScheme=Atelier Sulphurpool Light
Name=Atelier Sulphurpool Light
shadeSortColumn=true

[KDE]
contrast=4

[WM]
activeBackground=245,247,255
activeBlend=245,247,255
activeForeground=41,50,86
inactiveBackground=245,247,255
inactiveBlend=245,247,255
inactiveForeground=94,102,135
