[ColorEffects:Disabled]
Color=56,56,56
ColorAmount=0
ColorEffect=0
ContrastAmount=0.65000000000000002
ContrastEffect=1
IntensityAmount=0.10000000000000001
IntensityEffect=2

[ColorEffects:Inactive]
ChangeSelectionColor=true
Color=112,111,110
ColorAmount=0.025000000000000001
ColorEffect=2
ContrastAmount=0.10000000000000001
ContrastEffect=2
Enable=false
IntensityAmount=0
IntensityEffect=0


[Colors:Button]
BackgroundAlternate=31,32,34
BackgroundNormal=31,32,34
DecorationFocus=242,36,31
DecorationHover=242,36,31
ForegroundActive=103,177,29
ForegroundInactive=163,163,163
ForegroundLink=79,151,215
ForegroundNegative=176,48,96
ForegroundNeutral=163,163,163
ForegroundNormal=232,232,232
ForegroundPositive=45,149,116
ForegroundVisited=163,29,177

[Colors:Selection]
BackgroundAlternate=242,36,31
BackgroundNormal=242,36,31
DecorationFocus=242,36,31
DecorationHover=242,36,31
ForegroundActive=103,177,29
ForegroundInactive=40,40,40
ForegroundLink=79,151,215
ForegroundNegative=176,48,96
ForegroundNeutral=163,163,163
ForegroundNormal=40,40,40
ForegroundPositive=45,149,116
ForegroundVisited=163,29,177

[Colors:Tooltip]
BackgroundAlternate=31,32,34
BackgroundNormal=31,32,34
DecorationFocus=242,36,31
DecorationHover=242,36,31
ForegroundActive=103,177,29
ForegroundInactive=163,163,163
ForegroundLink=79,151,215
ForegroundNegative=176,48,96
ForegroundNeutral=163,163,163
ForegroundNormal=232,232,232
ForegroundPositive=45,149,116
ForegroundVisited=163,29,177

[Colors:View]
BackgroundAlternate=31,32,34
BackgroundNormal=31,32,34
DecorationFocus=242,36,31
DecorationHover=242,36,31
ForegroundActive=103,177,29
ForegroundInactive=163,163,163
ForegroundLink=79,151,215
ForegroundNegative=176,48,96
ForegroundNeutral=163,163,163
ForegroundNormal=232,232,232
ForegroundPositive=45,149,116
ForegroundVisited=163,29,177

[Colors:Window]
BackgroundAlternate=31,32,34
BackgroundNormal=31,32,34
DecorationFocus=242,36,31
DecorationHover=242,36,31
ForegroundActive=103,177,29
ForegroundInactive=163,163,163
ForegroundLink=79,151,215
ForegroundNegative=176,48,96
ForegroundNeutral=163,163,163
ForegroundNormal=232,232,232
ForegroundPositive=45,149,116
ForegroundVisited=163,29,177

[General]
ColorScheme=Spacemacs
Name=Spacemacs
shadeSortColumn=true

[KDE]
contrast=4

[WM]
activeBackground=31,32,34
activeBlend=31,32,34
activeForeground=232,232,232
inactiveBackground=31,32,34
inactiveBlend=31,32,34
inactiveForeground=163,163,163
