[ColorEffects:Disabled]
Color=56,56,56
ColorAmount=0
ColorEffect=0
ContrastAmount=0.65000000000000002
ContrastEffect=1
IntensityAmount=0.10000000000000001
IntensityEffect=2

[ColorEffects:Inactive]
ChangeSelectionColor=true
Color=112,111,110
ColorAmount=0.025000000000000001
ColorEffect=2
ContrastAmount=0.10000000000000001
ContrastEffect=2
Enable=false
IntensityAmount=0
IntensityEffect=0


[Colors:Button]
BackgroundAlternate=11,28,44
BackgroundNormal=11,28,44
DecorationFocus=191,139,86
DecorationHover=191,139,86
ForegroundActive=86,191,139
ForegroundInactive=203,214,226
ForegroundLink=139,86,191
ForegroundNegative=191,86,86
ForegroundNeutral=203,214,226
ForegroundNormal=229,235,241
ForegroundPositive=86,139,191
ForegroundVisited=191,86,139

[Colors:Selection]
BackgroundAlternate=191,139,86
BackgroundNormal=191,139,86
DecorationFocus=191,139,86
DecorationHover=191,139,86
ForegroundActive=86,191,139
ForegroundInactive=34,59,84
ForegroundLink=139,86,191
ForegroundNegative=191,86,86
ForegroundNeutral=203,214,226
ForegroundNormal=34,59,84
ForegroundPositive=86,139,191
ForegroundVisited=191,86,139

[Colors:Tooltip]
BackgroundAlternate=11,28,44
BackgroundNormal=11,28,44
DecorationFocus=191,139,86
DecorationHover=191,139,86
ForegroundActive=86,191,139
ForegroundInactive=203,214,226
ForegroundLink=139,86,191
ForegroundNegative=191,86,86
ForegroundNeutral=203,214,226
ForegroundNormal=229,235,241
ForegroundPositive=86,139,191
ForegroundVisited=191,86,139

[Colors:View]
BackgroundAlternate=11,28,44
BackgroundNormal=11,28,44
DecorationFocus=191,139,86
DecorationHover=191,139,86
ForegroundActive=86,191,139
ForegroundInactive=203,214,226
ForegroundLink=139,86,191
ForegroundNegative=191,86,86
ForegroundNeutral=203,214,226
ForegroundNormal=229,235,241
ForegroundPositive=86,139,191
ForegroundVisited=191,86,139

[Colors:Window]
BackgroundAlternate=11,28,44
BackgroundNormal=11,28,44
DecorationFocus=191,139,86
DecorationHover=191,139,86
ForegroundActive=86,191,139
ForegroundInactive=203,214,226
ForegroundLink=139,86,191
ForegroundNegative=191,86,86
ForegroundNeutral=203,214,226
ForegroundNormal=229,235,241
ForegroundPositive=86,139,191
ForegroundVisited=191,86,139

[General]
ColorScheme=Harmonic16 Dark
Name=Harmonic16 Dark
shadeSortColumn=true

[KDE]
contrast=4

[WM]
activeBackground=11,28,44
activeBlend=11,28,44
activeForeground=229,235,241
inactiveBackground=11,28,44
inactiveBlend=11,28,44
inactiveForeground=203,214,226
