[ColorEffects:Disabled]
Color=56,56,56
ColorAmount=0
ColorEffect=0
ContrastAmount=0.65000000000000002
ContrastEffect=1
IntensityAmount=0.10000000000000001
IntensityEffect=2

[ColorEffects:Inactive]
ChangeSelectionColor=true
Color=112,111,110
ColorAmount=0.025000000000000001
ColorEffect=2
ContrastAmount=0.10000000000000001
ContrastEffect=2
Enable=false
IntensityAmount=0
IntensityEffect=0


[Colors:Button]
BackgroundAlternate=27,25,24
BackgroundNormal=27,25,24
DecorationFocus=242,44,64
DecorationHover=242,44,64
ForegroundActive=123,151,38
ForegroundInactive=168,161,159
ForegroundLink=64,126,231
ForegroundNegative=195,63,243
ForegroundNeutral=168,161,159
ForegroundNormal=230,226,224
ForegroundPositive=61,151,184
ForegroundVisited=102,102,234

[Colors:Selection]
BackgroundAlternate=242,44,64
BackgroundNormal=242,44,64
DecorationFocus=242,44,64
DecorationHover=242,44,64
ForegroundActive=123,151,38
ForegroundInactive=44,36,33
ForegroundLink=64,126,231
ForegroundNegative=195,63,243
ForegroundNeutral=168,161,159
ForegroundNormal=44,36,33
ForegroundPositive=61,151,184
ForegroundVisited=102,102,234

[Colors:Tooltip]
BackgroundAlternate=27,25,24
BackgroundNormal=27,25,24
DecorationFocus=242,44,64
DecorationHover=242,44,64
ForegroundActive=123,151,38
ForegroundInactive=168,161,159
ForegroundLink=64,126,231
ForegroundNegative=195,63,243
ForegroundNeutral=168,161,159
ForegroundNormal=230,226,224
ForegroundPositive=61,151,184
ForegroundVisited=102,102,234

[Colors:View]
BackgroundAlternate=27,25,24
BackgroundNormal=27,25,24
DecorationFocus=242,44,64
DecorationHover=242,44,64
ForegroundActive=123,151,38
ForegroundInactive=168,161,159
ForegroundLink=64,126,231
ForegroundNegative=195,63,243
ForegroundNeutral=168,161,159
ForegroundNormal=230,226,224
ForegroundPositive=61,151,184
ForegroundVisited=102,102,234

[Colors:Window]
BackgroundAlternate=27,25,24
BackgroundNormal=27,25,24
DecorationFocus=242,44,64
DecorationHover=242,44,64
ForegroundActive=123,151,38
ForegroundInactive=168,161,159
ForegroundLink=64,126,231
ForegroundNegative=195,63,243
ForegroundNeutral=168,161,159
ForegroundNormal=230,226,224
ForegroundPositive=61,151,184
ForegroundVisited=102,102,234

[General]
ColorScheme=Atelier Forest
Name=Atelier Forest
shadeSortColumn=true

[KDE]
contrast=4

[WM]
activeBackground=27,25,24
activeBlend=27,25,24
activeForeground=230,226,224
inactiveBackground=27,25,24
inactiveBlend=27,25,24
inactiveForeground=168,161,159
