[ColorEffects:Disabled]
Color=56,56,56
ColorAmount=0
ColorEffect=0
ContrastAmount=0.65000000000000002
ContrastEffect=1
IntensityAmount=0.10000000000000001
IntensityEffect=2

[ColorEffects:Inactive]
ChangeSelectionColor=true
Color=112,111,110
ColorAmount=0.025000000000000001
ColorEffect=2
ContrastAmount=0.10000000000000001
ContrastEffect=2
Enable=false
IntensityAmount=0
IntensityEffect=0


[Colors:Button]
BackgroundAlternate=253,240,237
BackgroundNormal=253,240,237
DecorationFocus=247,147,155
DecorationHover=247,147,155
ForegroundActive=148,225,176
ForegroundInactive=64,60,61
ForegroundLink=218,16,63
ForegroundNegative=229,140,146
ForegroundNeutral=64,60,61
ForegroundNormal=48,44,45
ForegroundPositive=220,51,24
ForegroundVisited=29,137,145

[Colors:Selection]
BackgroundAlternate=247,147,155
BackgroundNormal=247,147,155
DecorationFocus=247,147,155
DecorationHover=247,147,155
ForegroundActive=148,225,176
ForegroundInactive=250,218,209
ForegroundLink=218,16,63
ForegroundNegative=229,140,146
ForegroundNeutral=64,60,61
ForegroundNormal=250,218,209
ForegroundPositive=220,51,24
ForegroundVisited=29,137,145

[Colors:Tooltip]
BackgroundAlternate=253,240,237
BackgroundNormal=253,240,237
DecorationFocus=247,147,155
DecorationHover=247,147,155
ForegroundActive=148,225,176
ForegroundInactive=64,60,61
ForegroundLink=218,16,63
ForegroundNegative=229,140,146
ForegroundNeutral=64,60,61
ForegroundNormal=48,44,45
ForegroundPositive=220,51,24
ForegroundVisited=29,137,145

[Colors:View]
BackgroundAlternate=253,240,237
BackgroundNormal=253,240,237
DecorationFocus=247,147,155
DecorationHover=247,147,155
ForegroundActive=148,225,176
ForegroundInactive=64,60,61
ForegroundLink=218,16,63
ForegroundNegative=229,140,146
ForegroundNeutral=64,60,61
ForegroundNormal=48,44,45
ForegroundPositive=220,51,24
ForegroundVisited=29,137,145

[Colors:Window]
BackgroundAlternate=253,240,237
BackgroundNormal=253,240,237
DecorationFocus=247,147,155
DecorationHover=247,147,155
ForegroundActive=148,225,176
ForegroundInactive=64,60,61
ForegroundLink=218,16,63
ForegroundNegative=229,140,146
ForegroundNeutral=64,60,61
ForegroundNormal=48,44,45
ForegroundPositive=220,51,24
ForegroundVisited=29,137,145

[General]
ColorScheme=Horizon Light
Name=Horizon Light
shadeSortColumn=true

[KDE]
contrast=4

[WM]
activeBackground=253,240,237
activeBlend=253,240,237
activeForeground=48,44,45
inactiveBackground=253,240,237
inactiveBlend=253,240,237
inactiveForeground=64,60,61
