[ColorEffects:Disabled]
Color=56,56,56
ColorAmount=0
ColorEffect=0
ContrastAmount=0.65000000000000002
ContrastEffect=1
IntensityAmount=0.10000000000000001
IntensityEffect=2

[ColorEffects:Inactive]
ChangeSelectionColor=true
Color=112,111,110
ColorAmount=0.025000000000000001
ColorEffect=2
ContrastAmount=0.10000000000000001
ContrastEffect=2
Enable=false
IntensityAmount=0
IntensityEffect=0


[Colors:Button]
BackgroundAlternate=227,239,239
BackgroundNormal=227,239,239
DecorationFocus=179,134,134
DecorationHover=179,134,134
ForegroundActive=135,179,134
ForegroundInactive=109,130,142
ForegroundLink=134,140,179
ForegroundNegative=179,159,159
ForegroundNeutral=109,130,142
ForegroundNormal=90,109,122
ForegroundPositive=134,179,179
ForegroundVisited=179,134,178

[Colors:Selection]
BackgroundAlternate=179,134,134
BackgroundNormal=179,134,134
DecorationFocus=179,134,134
DecorationHover=179,134,134
ForegroundActive=135,179,134
ForegroundInactive=201,219,220
ForegroundLink=134,140,179
ForegroundNegative=179,159,159
ForegroundNeutral=109,130,142
ForegroundNormal=201,219,220
ForegroundPositive=134,179,179
ForegroundVisited=179,134,178

[Colors:Tooltip]
BackgroundAlternate=227,239,239
BackgroundNormal=227,239,239
DecorationFocus=179,134,134
DecorationHover=179,134,134
ForegroundActive=135,179,134
ForegroundInactive=109,130,142
ForegroundLink=134,140,179
ForegroundNegative=179,159,159
ForegroundNeutral=109,130,142
ForegroundNormal=90,109,122
ForegroundPositive=134,179,179
ForegroundVisited=179,134,178

[Colors:View]
BackgroundAlternate=227,239,239
BackgroundNormal=227,239,239
DecorationFocus=179,134,134
DecorationHover=179,134,134
ForegroundActive=135,179,134
ForegroundInactive=109,130,142
ForegroundLink=134,140,179
ForegroundNegative=179,159,159
ForegroundNeutral=109,130,142
ForegroundNormal=90,109,122
ForegroundPositive=134,179,179
ForegroundVisited=179,134,178

[Colors:Window]
BackgroundAlternate=227,239,239
BackgroundNormal=227,239,239
DecorationFocus=179,134,134
DecorationHover=179,134,134
ForegroundActive=135,179,134
ForegroundInactive=109,130,142
ForegroundLink=134,140,179
ForegroundNegative=179,159,159
ForegroundNeutral=109,130,142
ForegroundNormal=90,109,122
ForegroundPositive=134,179,179
ForegroundVisited=179,134,178

[General]
ColorScheme=Brush Trees
Name=Brush Trees
shadeSortColumn=true

[KDE]
contrast=4

[WM]
activeBackground=227,239,239
activeBlend=227,239,239
activeForeground=90,109,122
inactiveBackground=227,239,239
inactiveBlend=227,239,239
inactiveForeground=109,130,142
