[ColorEffects:Disabled]
Color=56,56,56
ColorAmount=0
ColorEffect=0
ContrastAmount=0.65000000000000002
ContrastEffect=1
IntensityAmount=0.10000000000000001
IntensityEffect=2

[ColorEffects:Inactive]
ChangeSelectionColor=true
Color=112,111,110
ColorAmount=0.025000000000000001
ColorEffect=2
ContrastAmount=0.10000000000000001
ContrastEffect=2
Enable=false
IntensityAmount=0
IntensityEffect=0


[Colors:Button]
BackgroundAlternate=38,50,56
BackgroundNormal=38,50,56
DecorationFocus=240,113,120
DecorationHover=240,113,120
ForegroundActive=195,232,141
ForegroundInactive=238,255,255
ForegroundLink=130,170,255
ForegroundNegative=255,83,112
ForegroundNeutral=238,255,255
ForegroundNormal=238,255,255
ForegroundPositive=137,221,255
ForegroundVisited=199,146,234

[Colors:Selection]
BackgroundAlternate=240,113,120
BackgroundNormal=240,113,120
DecorationFocus=240,113,120
DecorationHover=240,113,120
ForegroundActive=195,232,141
ForegroundInactive=46,60,67
ForegroundLink=130,170,255
ForegroundNegative=255,83,112
ForegroundNeutral=238,255,255
ForegroundNormal=46,60,67
ForegroundPositive=137,221,255
ForegroundVisited=199,146,234

[Colors:Tooltip]
BackgroundAlternate=38,50,56
BackgroundNormal=38,50,56
DecorationFocus=240,113,120
DecorationHover=240,113,120
ForegroundActive=195,232,141
ForegroundInactive=238,255,255
ForegroundLink=130,170,255
ForegroundNegative=255,83,112
ForegroundNeutral=238,255,255
ForegroundNormal=238,255,255
ForegroundPositive=137,221,255
ForegroundVisited=199,146,234

[Colors:View]
BackgroundAlternate=38,50,56
BackgroundNormal=38,50,56
DecorationFocus=240,113,120
DecorationHover=240,113,120
ForegroundActive=195,232,141
ForegroundInactive=238,255,255
ForegroundLink=130,170,255
ForegroundNegative=255,83,112
ForegroundNeutral=238,255,255
ForegroundNormal=238,255,255
ForegroundPositive=137,221,255
ForegroundVisited=199,146,234

[Colors:Window]
BackgroundAlternate=38,50,56
BackgroundNormal=38,50,56
DecorationFocus=240,113,120
DecorationHover=240,113,120
ForegroundActive=195,232,141
ForegroundInactive=238,255,255
ForegroundLink=130,170,255
ForegroundNegative=255,83,112
ForegroundNeutral=238,255,255
ForegroundNormal=238,255,255
ForegroundPositive=137,221,255
ForegroundVisited=199,146,234

[General]
ColorScheme=Material
Name=Material
shadeSortColumn=true

[KDE]
contrast=4

[WM]
activeBackground=38,50,56
activeBlend=38,50,56
activeForeground=238,255,255
inactiveBackground=38,50,56
inactiveBlend=38,50,56
inactiveForeground=238,255,255
