[ColorEffects:Disabled]
Color=56,56,56
ColorAmount=0
ColorEffect=0
ContrastAmount=0.65000000000000002
ContrastEffect=1
IntensityAmount=0.10000000000000001
IntensityEffect=2

[ColorEffects:Inactive]
ChangeSelectionColor=true
Color=112,111,110
ColorAmount=0.025000000000000001
ColorEffect=2
ContrastAmount=0.10000000000000001
ContrastEffect=2
Enable=false
IntensityAmount=0
IntensityEffect=0


[Colors:Button]
BackgroundAlternate=255,255,255
BackgroundNormal=255,255,255
DecorationFocus=216,19,127
DecorationHover=216,19,127
ForegroundActive=23,173,152
ForegroundInactive=108,105,110
ForegroundLink=119,93,255
ForegroundNegative=224,19,208
ForegroundNeutral=108,105,110
ForegroundNormal=79,75,81
ForegroundPositive=20,155,218
ForegroundVisited=170,23,230

[Colors:Selection]
BackgroundAlternate=216,19,127
BackgroundNormal=216,19,127
DecorationFocus=216,19,127
DecorationHover=216,19,127
ForegroundActive=23,173,152
ForegroundInactive=225,225,226
ForegroundLink=119,93,255
ForegroundNegative=224,19,208
ForegroundNeutral=108,105,110
ForegroundNormal=225,225,226
ForegroundPositive=20,155,218
ForegroundVisited=170,23,230

[Colors:Tooltip]
BackgroundAlternate=255,255,255
BackgroundNormal=255,255,255
DecorationFocus=216,19,127
DecorationHover=216,19,127
ForegroundActive=23,173,152
ForegroundInactive=108,105,110
ForegroundLink=119,93,255
ForegroundNegative=224,19,208
ForegroundNeutral=108,105,110
ForegroundNormal=79,75,81
ForegroundPositive=20,155,218
ForegroundVisited=170,23,230

[Colors:View]
BackgroundAlternate=255,255,255
BackgroundNormal=255,255,255
DecorationFocus=216,19,127
DecorationHover=216,19,127
ForegroundActive=23,173,152
ForegroundInactive=108,105,110
ForegroundLink=119,93,255
ForegroundNegative=224,19,208
ForegroundNeutral=108,105,110
ForegroundNormal=79,75,81
ForegroundPositive=20,155,218
ForegroundVisited=170,23,230

[Colors:Window]
BackgroundAlternate=255,255,255
BackgroundNormal=255,255,255
DecorationFocus=216,19,127
DecorationHover=216,19,127
ForegroundActive=23,173,152
ForegroundInactive=108,105,110
ForegroundLink=119,93,255
ForegroundNegative=224,19,208
ForegroundNeutral=108,105,110
ForegroundNormal=79,75,81
ForegroundPositive=20,155,218
ForegroundVisited=170,23,230

[General]
ColorScheme=Unikitty Light
Name=Unikitty Light
shadeSortColumn=true

[KDE]
contrast=4

[WM]
activeBackground=255,255,255
activeBlend=255,255,255
activeForeground=79,75,81
inactiveBackground=255,255,255
inactiveBlend=255,255,255
inactiveForeground=108,105,110
