[ColorEffects:Disabled]
Color=56,56,56
ColorAmount=0
ColorEffect=0
ContrastAmount=0.65000000000000002
ContrastEffect=1
IntensityAmount=0.10000000000000001
IntensityEffect=2

[ColorEffects:Inactive]
ChangeSelectionColor=true
Color=112,111,110
ColorAmount=0.025000000000000001
ColorEffect=2
ContrastAmount=0.10000000000000001
ContrastEffect=2
Enable=false
IntensityAmount=0
IntensityEffect=0


[Colors:Button]
BackgroundAlternate=255,255,255
BackgroundNormal=255,255,255
DecorationFocus=200,40,41
DecorationHover=200,40,41
ForegroundActive=113,140,0
ForegroundInactive=77,77,76
ForegroundLink=66,113,174
ForegroundNegative=163,104,90
ForegroundNeutral=77,77,76
ForegroundNormal=40,42,46
ForegroundPositive=62,153,159
ForegroundVisited=137,89,168

[Colors:Selection]
BackgroundAlternate=200,40,41
BackgroundNormal=200,40,41
DecorationFocus=200,40,41
DecorationHover=200,40,41
ForegroundActive=113,140,0
ForegroundInactive=224,224,224
ForegroundLink=66,113,174
ForegroundNegative=163,104,90
ForegroundNeutral=77,77,76
ForegroundNormal=224,224,224
ForegroundPositive=62,153,159
ForegroundVisited=137,89,168

[Colors:Tooltip]
BackgroundAlternate=255,255,255
BackgroundNormal=255,255,255
DecorationFocus=200,40,41
DecorationHover=200,40,41
ForegroundActive=113,140,0
ForegroundInactive=77,77,76
ForegroundLink=66,113,174
ForegroundNegative=163,104,90
ForegroundNeutral=77,77,76
ForegroundNormal=40,42,46
ForegroundPositive=62,153,159
ForegroundVisited=137,89,168

[Colors:View]
BackgroundAlternate=255,255,255
BackgroundNormal=255,255,255
DecorationFocus=200,40,41
DecorationHover=200,40,41
ForegroundActive=113,140,0
ForegroundInactive=77,77,76
ForegroundLink=66,113,174
ForegroundNegative=163,104,90
ForegroundNeutral=77,77,76
ForegroundNormal=40,42,46
ForegroundPositive=62,153,159
ForegroundVisited=137,89,168

[Colors:Window]
BackgroundAlternate=255,255,255
BackgroundNormal=255,255,255
DecorationFocus=200,40,41
DecorationHover=200,40,41
ForegroundActive=113,140,0
ForegroundInactive=77,77,76
ForegroundLink=66,113,174
ForegroundNegative=163,104,90
ForegroundNeutral=77,77,76
ForegroundNormal=40,42,46
ForegroundPositive=62,153,159
ForegroundVisited=137,89,168

[General]
ColorScheme=Tomorrow
Name=Tomorrow
shadeSortColumn=true

[KDE]
contrast=4

[WM]
activeBackground=255,255,255
activeBlend=255,255,255
activeForeground=40,42,46
inactiveBackground=255,255,255
inactiveBlend=255,255,255
inactiveForeground=77,77,76
