[ColorEffects:Disabled]
Color=56,56,56
ColorAmount=0
ColorEffect=0
ContrastAmount=0.65000000000000002
ContrastEffect=1
IntensityAmount=0.10000000000000001
IntensityEffect=2

[ColorEffects:Inactive]
ChangeSelectionColor=true
Color=112,111,110
ColorAmount=0.025000000000000001
ColorEffect=2
ContrastAmount=0.10000000000000001
ContrastEffect=2
Enable=false
IntensityAmount=0
IntensityEffect=0


[Colors:Button]
BackgroundAlternate=47,30,46
BackgroundNormal=47,30,46
DecorationFocus=72,182,133
DecorationHover=72,182,133
ForegroundActive=72,182,133
ForegroundInactive=163,158,155
ForegroundLink=6,182,239
ForegroundNegative=233,107,168
ForegroundNeutral=163,158,155
ForegroundNormal=185,182,176
ForegroundPositive=91,196,191
ForegroundVisited=129,91,164

[Colors:Selection]
BackgroundAlternate=72,182,133
BackgroundNormal=72,182,133
DecorationFocus=72,182,133
DecorationHover=72,182,133
ForegroundActive=72,182,133
ForegroundInactive=65,50,63
ForegroundLink=6,182,239
ForegroundNegative=233,107,168
ForegroundNeutral=163,158,155
ForegroundNormal=65,50,63
ForegroundPositive=91,196,191
ForegroundVisited=129,91,164

[Colors:Tooltip]
BackgroundAlternate=47,30,46
BackgroundNormal=47,30,46
DecorationFocus=72,182,133
DecorationHover=72,182,133
ForegroundActive=72,182,133
ForegroundInactive=163,158,155
ForegroundLink=6,182,239
ForegroundNegative=233,107,168
ForegroundNeutral=163,158,155
ForegroundNormal=185,182,176
ForegroundPositive=91,196,191
ForegroundVisited=129,91,164

[Colors:View]
BackgroundAlternate=47,30,46
BackgroundNormal=47,30,46
DecorationFocus=72,182,133
DecorationHover=72,182,133
ForegroundActive=72,182,133
ForegroundInactive=163,158,155
ForegroundLink=6,182,239
ForegroundNegative=233,107,168
ForegroundNeutral=163,158,155
ForegroundNormal=185,182,176
ForegroundPositive=91,196,191
ForegroundVisited=129,91,164

[Colors:Window]
BackgroundAlternate=47,30,46
BackgroundNormal=47,30,46
DecorationFocus=72,182,133
DecorationHover=72,182,133
ForegroundActive=72,182,133
ForegroundInactive=163,158,155
ForegroundLink=6,182,239
ForegroundNegative=233,107,168
ForegroundNeutral=163,158,155
ForegroundNormal=185,182,176
ForegroundPositive=91,196,191
ForegroundVisited=129,91,164

[General]
ColorScheme=Paraiso Green
Name=Paraiso Green
shadeSortColumn=true

[KDE]
contrast=4

[WM]
activeBackground=47,30,46
activeBlend=47,30,46
activeForeground=185,182,176
inactiveBackground=47,30,46
inactiveBlend=47,30,46
inactiveForeground=163,158,155
