[ColorEffects:Disabled]
Color=56,56,56
ColorAmount=0
ColorEffect=0
ContrastAmount=0.65000000000000002
ContrastEffect=1
IntensityAmount=0.10000000000000001
IntensityEffect=2

[ColorEffects:Inactive]
ChangeSelectionColor=true
Color=112,111,110
ColorAmount=0.025000000000000001
ColorEffect=2
ContrastAmount=0.10000000000000001
ContrastEffect=2
Enable=false
IntensityAmount=0
IntensityEffect=0


[Colors:Button]
BackgroundAlternate=40,44,52
BackgroundNormal=40,44,52
DecorationFocus=152,195,121
DecorationHover=152,195,121
ForegroundActive=152,195,121
ForegroundInactive=171,178,191
ForegroundLink=97,175,239
ForegroundNegative=190,80,70
ForegroundNeutral=171,178,191
ForegroundNormal=182,189,202
ForegroundPositive=86,182,194
ForegroundVisited=198,120,221

[Colors:Selection]
BackgroundAlternate=152,195,121
BackgroundNormal=152,195,121
DecorationFocus=152,195,121
DecorationHover=152,195,121
ForegroundActive=152,195,121
ForegroundInactive=53,59,69
ForegroundLink=97,175,239
ForegroundNegative=190,80,70
ForegroundNeutral=171,178,191
ForegroundNormal=53,59,69
ForegroundPositive=86,182,194
ForegroundVisited=198,120,221

[Colors:Tooltip]
BackgroundAlternate=40,44,52
BackgroundNormal=40,44,52
DecorationFocus=152,195,121
DecorationHover=152,195,121
ForegroundActive=152,195,121
ForegroundInactive=171,178,191
ForegroundLink=97,175,239
ForegroundNegative=190,80,70
ForegroundNeutral=171,178,191
ForegroundNormal=182,189,202
ForegroundPositive=86,182,194
ForegroundVisited=198,120,221

[Colors:View]
BackgroundAlternate=40,44,52
BackgroundNormal=40,44,52
DecorationFocus=152,195,121
DecorationHover=152,195,121
ForegroundActive=152,195,121
ForegroundInactive=171,178,191
ForegroundLink=97,175,239
ForegroundNegative=190,80,70
ForegroundNeutral=171,178,191
ForegroundNormal=182,189,202
ForegroundPositive=86,182,194
ForegroundVisited=198,120,221

[Colors:Window]
BackgroundAlternate=40,44,52
BackgroundNormal=40,44,52
DecorationFocus=152,195,121
DecorationHover=152,195,121
ForegroundActive=152,195,121
ForegroundInactive=171,178,191
ForegroundLink=97,175,239
ForegroundNegative=190,80,70
ForegroundNeutral=171,178,191
ForegroundNormal=182,189,202
ForegroundPositive=86,182,194
ForegroundVisited=198,120,221

[General]
ColorScheme=OneDark Green
Name=OneDark Green
shadeSortColumn=true

[KDE]
contrast=4

[WM]
activeBackground=40,44,52
activeBlend=40,44,52
activeForeground=182,189,202
inactiveBackground=40,44,52
inactiveBlend=40,44,52
inactiveForeground=171,178,191
