[ColorEffects:Disabled]
Color=56,56,56
ColorAmount=0
ColorEffect=0
ContrastAmount=0.65000000000000002
ContrastEffect=1
IntensityAmount=0.10000000000000001
IntensityEffect=2

[ColorEffects:Inactive]
ChangeSelectionColor=true
Color=112,111,110
ColorAmount=0.025000000000000001
ColorEffect=2
ContrastAmount=0.10000000000000001
ContrastEffect=2
Enable=false
IntensityAmount=0
IntensityEffect=0


[Colors:Button]
BackgroundAlternate=40,42,54
BackgroundNormal=40,42,54
DecorationFocus=90,247,142
DecorationHover=90,247,142
ForegroundActive=90,247,142
ForegroundInactive=226,228,229
ForegroundLink=87,199,255
ForegroundNegative=178,100,60
ForegroundNeutral=226,228,229
ForegroundNormal=239,240,235
ForegroundPositive=154,237,254
ForegroundVisited=255,106,193

[Colors:Selection]
BackgroundAlternate=90,247,142
BackgroundNormal=90,247,142
DecorationFocus=90,247,142
DecorationHover=90,247,142
ForegroundActive=90,247,142
ForegroundInactive=52,53,62
ForegroundLink=87,199,255
ForegroundNegative=178,100,60
ForegroundNeutral=226,228,229
ForegroundNormal=52,53,62
ForegroundPositive=154,237,254
ForegroundVisited=255,106,193

[Colors:Tooltip]
BackgroundAlternate=40,42,54
BackgroundNormal=40,42,54
DecorationFocus=90,247,142
DecorationHover=90,247,142
ForegroundActive=90,247,142
ForegroundInactive=226,228,229
ForegroundLink=87,199,255
ForegroundNegative=178,100,60
ForegroundNeutral=226,228,229
ForegroundNormal=239,240,235
ForegroundPositive=154,237,254
ForegroundVisited=255,106,193

[Colors:View]
BackgroundAlternate=40,42,54
BackgroundNormal=40,42,54
DecorationFocus=90,247,142
DecorationHover=90,247,142
ForegroundActive=90,247,142
ForegroundInactive=226,228,229
ForegroundLink=87,199,255
ForegroundNegative=178,100,60
ForegroundNeutral=226,228,229
ForegroundNormal=239,240,235
ForegroundPositive=154,237,254
ForegroundVisited=255,106,193

[Colors:Window]
BackgroundAlternate=40,42,54
BackgroundNormal=40,42,54
DecorationFocus=90,247,142
DecorationHover=90,247,142
ForegroundActive=90,247,142
ForegroundInactive=226,228,229
ForegroundLink=87,199,255
ForegroundNegative=178,100,60
ForegroundNeutral=226,228,229
ForegroundNormal=239,240,235
ForegroundPositive=154,237,254
ForegroundVisited=255,106,193

[General]
ColorScheme=Snazzy Green
Name=Snazzy Green
shadeSortColumn=true

[KDE]
contrast=4

[WM]
activeBackground=40,42,54
activeBlend=40,42,54
activeForeground=239,240,235
inactiveBackground=40,42,54
inactiveBlend=40,42,54
inactiveForeground=226,228,229
