[ColorEffects:Disabled]
Color=56,56,56
ColorAmount=0
ColorEffect=0
ContrastAmount=0.65000000000000002
ContrastEffect=1
IntensityAmount=0.10000000000000001
IntensityEffect=2

[ColorEffects:Inactive]
ChangeSelectionColor=true
Color=112,111,110
ColorAmount=0.025000000000000001
ColorEffect=2
ContrastAmount=0.10000000000000001
ContrastEffect=2
Enable=false
IntensityAmount=0
IntensityEffect=0


[Colors:Button]
BackgroundAlternate=56,56,56
BackgroundNormal=56,56,56
DecorationFocus=95,127,95
DecorationHover=95,127,95
ForegroundActive=95,127,95
ForegroundInactive=220,220,204
ForegroundLink=124,184,187
ForegroundNegative=0,0,0
ForegroundNeutral=220,220,204
ForegroundNormal=192,192,192
ForegroundPositive=147,224,227
ForegroundVisited=220,140,195

[Colors:Selection]
BackgroundAlternate=95,127,95
BackgroundNormal=95,127,95
DecorationFocus=95,127,95
DecorationHover=95,127,95
ForegroundActive=95,127,95
ForegroundInactive=64,64,64
ForegroundLink=124,184,187
ForegroundNegative=0,0,0
ForegroundNeutral=220,220,204
ForegroundNormal=64,64,64
ForegroundPositive=147,224,227
ForegroundVisited=220,140,195

[Colors:Tooltip]
BackgroundAlternate=56,56,56
BackgroundNormal=56,56,56
DecorationFocus=95,127,95
DecorationHover=95,127,95
ForegroundActive=95,127,95
ForegroundInactive=220,220,204
ForegroundLink=124,184,187
ForegroundNegative=0,0,0
ForegroundNeutral=220,220,204
ForegroundNormal=192,192,192
ForegroundPositive=147,224,227
ForegroundVisited=220,140,195

[Colors:View]
BackgroundAlternate=56,56,56
BackgroundNormal=56,56,56
DecorationFocus=95,127,95
DecorationHover=95,127,95
ForegroundActive=95,127,95
ForegroundInactive=220,220,204
ForegroundLink=124,184,187
ForegroundNegative=0,0,0
ForegroundNeutral=220,220,204
ForegroundNormal=192,192,192
ForegroundPositive=147,224,227
ForegroundVisited=220,140,195

[Colors:Window]
BackgroundAlternate=56,56,56
BackgroundNormal=56,56,56
DecorationFocus=95,127,95
DecorationHover=95,127,95
ForegroundActive=95,127,95
ForegroundInactive=220,220,204
ForegroundLink=124,184,187
ForegroundNegative=0,0,0
ForegroundNeutral=220,220,204
ForegroundNormal=192,192,192
ForegroundPositive=147,224,227
ForegroundVisited=220,140,195

[General]
ColorScheme=Zenburn Green
Name=Zenburn Green
shadeSortColumn=true

[KDE]
contrast=4

[WM]
activeBackground=56,56,56
activeBlend=56,56,56
activeForeground=192,192,192
inactiveBackground=56,56,56
inactiveBlend=56,56,56
inactiveForeground=220,220,204
