[ColorEffects:Disabled]
Color=56,56,56
ColorAmount=0
ColorEffect=0
ContrastAmount=0.65000000000000002
ContrastEffect=1
IntensityAmount=0.10000000000000001
IntensityEffect=2

[ColorEffects:Inactive]
ChangeSelectionColor=true
Color=112,111,110
ColorAmount=0.025000000000000001
ColorEffect=2
ContrastAmount=0.10000000000000001
ContrastEffect=2
Enable=false
IntensityAmount=0
IntensityEffect=0


[Colors:Button]
BackgroundAlternate=39,40,34
BackgroundNormal=39,40,34
DecorationFocus=166,226,46
DecorationHover=166,226,46
ForegroundActive=166,226,46
ForegroundInactive=248,248,242
ForegroundLink=102,217,239
ForegroundNegative=204,102,51
ForegroundNeutral=248,248,242
ForegroundNormal=245,244,241
ForegroundPositive=161,239,228
ForegroundVisited=174,129,255

[Colors:Selection]
BackgroundAlternate=166,226,46
BackgroundNormal=166,226,46
DecorationFocus=166,226,46
DecorationHover=166,226,46
ForegroundActive=166,226,46
ForegroundInactive=56,56,48
ForegroundLink=102,217,239
ForegroundNegative=204,102,51
ForegroundNeutral=248,248,242
ForegroundNormal=56,56,48
ForegroundPositive=161,239,228
ForegroundVisited=174,129,255

[Colors:Tooltip]
BackgroundAlternate=39,40,34
BackgroundNormal=39,40,34
DecorationFocus=166,226,46
DecorationHover=166,226,46
ForegroundActive=166,226,46
ForegroundInactive=248,248,242
ForegroundLink=102,217,239
ForegroundNegative=204,102,51
ForegroundNeutral=248,248,242
ForegroundNormal=245,244,241
ForegroundPositive=161,239,228
ForegroundVisited=174,129,255

[Colors:View]
BackgroundAlternate=39,40,34
BackgroundNormal=39,40,34
DecorationFocus=166,226,46
DecorationHover=166,226,46
ForegroundActive=166,226,46
ForegroundInactive=248,248,242
ForegroundLink=102,217,239
ForegroundNegative=204,102,51
ForegroundNeutral=248,248,242
ForegroundNormal=245,244,241
ForegroundPositive=161,239,228
ForegroundVisited=174,129,255

[Colors:Window]
BackgroundAlternate=39,40,34
BackgroundNormal=39,40,34
DecorationFocus=166,226,46
DecorationHover=166,226,46
ForegroundActive=166,226,46
ForegroundInactive=248,248,242
ForegroundLink=102,217,239
ForegroundNegative=204,102,51
ForegroundNeutral=248,248,242
ForegroundNormal=245,244,241
ForegroundPositive=161,239,228
ForegroundVisited=174,129,255

[General]
ColorScheme=Monokai Green
Name=Monokai Green
shadeSortColumn=true

[KDE]
contrast=4

[WM]
activeBackground=39,40,34
activeBlend=39,40,34
activeForeground=245,244,241
inactiveBackground=39,40,34
inactiveBlend=39,40,34
inactiveForeground=248,248,242
