[ColorEffects:Disabled]
Color=56,56,56
ColorAmount=0
ColorEffect=0
ContrastAmount=0.65000000000000002
ContrastEffect=1
IntensityAmount=0.10000000000000001
IntensityEffect=2

[ColorEffects:Inactive]
ChangeSelectionColor=true
Color=112,111,110
ColorAmount=0.025000000000000001
ColorEffect=2
ContrastAmount=0.10000000000000001
ContrastEffect=2
Enable=false
IntensityAmount=0
IntensityEffect=0


[Colors:Button]
BackgroundAlternate=22,19,15
BackgroundNormal=22,19,15
DecorationFocus=87,130,109
DecorationHover=87,130,109
ForegroundActive=87,130,109
ForegroundInactive=163,154,144
ForegroundLink=109,87,130
ForegroundNegative=130,87,87
ForegroundNeutral=163,154,144
ForegroundNormal=190,182,174
ForegroundPositive=87,109,130
ForegroundVisited=130,87,109

[Colors:Selection]
BackgroundAlternate=87,130,109
BackgroundNormal=87,130,109
DecorationFocus=87,130,109
DecorationHover=87,130,109
ForegroundActive=87,130,109
ForegroundInactive=44,38,32
ForegroundLink=109,87,130
ForegroundNegative=130,87,87
ForegroundNeutral=163,154,144
ForegroundNormal=44,38,32
ForegroundPositive=87,109,130
ForegroundVisited=130,87,109

[Colors:Tooltip]
BackgroundAlternate=22,19,15
BackgroundNormal=22,19,15
DecorationFocus=87,130,109
DecorationHover=87,130,109
ForegroundActive=87,130,109
ForegroundInactive=163,154,144
ForegroundLink=109,87,130
ForegroundNegative=130,87,87
ForegroundNeutral=163,154,144
ForegroundNormal=190,182,174
ForegroundPositive=87,109,130
ForegroundVisited=130,87,109

[Colors:View]
BackgroundAlternate=22,19,15
BackgroundNormal=22,19,15
DecorationFocus=87,130,109
DecorationHover=87,130,109
ForegroundActive=87,130,109
ForegroundInactive=163,154,144
ForegroundLink=109,87,130
ForegroundNegative=130,87,87
ForegroundNeutral=163,154,144
ForegroundNormal=190,182,174
ForegroundPositive=87,109,130
ForegroundVisited=130,87,109

[Colors:Window]
BackgroundAlternate=22,19,15
BackgroundNormal=22,19,15
DecorationFocus=87,130,109
DecorationHover=87,130,109
ForegroundActive=87,130,109
ForegroundInactive=163,154,144
ForegroundLink=109,87,130
ForegroundNegative=130,87,87
ForegroundNeutral=163,154,144
ForegroundNormal=190,182,174
ForegroundPositive=87,109,130
ForegroundVisited=130,87,109

[General]
ColorScheme=Embers Green
Name=Embers Green
shadeSortColumn=true

[KDE]
contrast=4

[WM]
activeBackground=22,19,15
activeBlend=22,19,15
activeForeground=190,182,174
inactiveBackground=22,19,15
inactiveBlend=22,19,15
inactiveForeground=163,154,144
