[ColorEffects:Disabled]
Color=56,56,56
ColorAmount=0
ColorEffect=0
ContrastAmount=0.65000000000000002
ContrastEffect=1
IntensityAmount=0.10000000000000001
IntensityEffect=2

[ColorEffects:Inactive]
ChangeSelectionColor=true
Color=112,111,110
ColorAmount=0.025000000000000001
ColorEffect=2
ContrastAmount=0.10000000000000001
ContrastEffect=2
Enable=false
IntensityAmount=0
IntensityEffect=0


[Colors:Button]
BackgroundAlternate=32,33,38
BackgroundNormal=32,33,38
DecorationFocus=242,230,169
DecorationHover=242,230,169
ForegroundActive=242,230,169
ForegroundInactive=233,231,225
ForegroundLink=64,191,255
ForegroundNegative=97,135,255
ForegroundNeutral=233,231,225
ForegroundNormal=239,240,249
ForegroundPositive=251,106,203
ForegroundVisited=174,148,249

[Colors:Selection]
BackgroundAlternate=242,230,169
BackgroundNormal=242,230,169
DecorationFocus=242,230,169
DecorationHover=242,230,169
ForegroundActive=242,230,169
ForegroundInactive=45,48,61
ForegroundLink=64,191,255
ForegroundNegative=97,135,255
ForegroundNeutral=233,231,225
ForegroundNormal=45,48,61
ForegroundPositive=251,106,203
ForegroundVisited=174,148,249

[Colors:Tooltip]
BackgroundAlternate=32,33,38
BackgroundNormal=32,33,38
DecorationFocus=242,230,169
DecorationHover=242,230,169
ForegroundActive=242,230,169
ForegroundInactive=233,231,225
ForegroundLink=64,191,255
ForegroundNegative=97,135,255
ForegroundNeutral=233,231,225
ForegroundNormal=239,240,249
ForegroundPositive=251,106,203
ForegroundVisited=174,148,249

[Colors:View]
BackgroundAlternate=32,33,38
BackgroundNormal=32,33,38
DecorationFocus=242,230,169
DecorationHover=242,230,169
ForegroundActive=242,230,169
ForegroundInactive=233,231,225
ForegroundLink=64,191,255
ForegroundNegative=97,135,255
ForegroundNeutral=233,231,225
ForegroundNormal=239,240,249
ForegroundPositive=251,106,203
ForegroundVisited=174,148,249

[Colors:Window]
BackgroundAlternate=32,33,38
BackgroundNormal=32,33,38
DecorationFocus=242,230,169
DecorationHover=242,230,169
ForegroundActive=242,230,169
ForegroundInactive=233,231,225
ForegroundLink=64,191,255
ForegroundNegative=97,135,255
ForegroundNeutral=233,231,225
ForegroundNormal=239,240,249
ForegroundPositive=251,106,203
ForegroundVisited=174,148,249

[General]
ColorScheme=Gigavolt Green
Name=Gigavolt Green
shadeSortColumn=true

[KDE]
contrast=4

[WM]
activeBackground=32,33,38
activeBlend=32,33,38
activeForeground=239,240,249
inactiveBackground=32,33,38
inactiveBlend=32,33,38
inactiveForeground=233,231,225
