[ColorEffects:Disabled]
Color=56,56,56
ColorAmount=0
ColorEffect=0
ContrastAmount=0.65000000000000002
ContrastEffect=1
IntensityAmount=0.10000000000000001
IntensityEffect=2

[ColorEffects:Inactive]
ChangeSelectionColor=true
Color=112,111,110
ColorAmount=0.025000000000000001
ColorEffect=2
ContrastAmount=0.10000000000000001
ContrastEffect=2
Enable=false
IntensityAmount=0
IntensityEffect=0


[Colors:Button]
BackgroundAlternate=239,236,244
BackgroundNormal=239,236,244
DecorationFocus=42,146,146
DecorationHover=42,146,146
ForegroundActive=42,146,146
ForegroundInactive=88,82,96
ForegroundLink=87,109,219
ForegroundNegative=191,64,191
ForegroundNeutral=88,82,96
ForegroundNormal=38,35,42
ForegroundPositive=57,139,198
ForegroundVisited=149,90,231

[Colors:Selection]
BackgroundAlternate=42,146,146
BackgroundNormal=42,146,146
DecorationFocus=42,146,146
DecorationHover=42,146,146
ForegroundActive=42,146,146
ForegroundInactive=226,223,231
ForegroundLink=87,109,219
ForegroundNegative=191,64,191
ForegroundNeutral=88,82,96
ForegroundNormal=226,223,231
ForegroundPositive=57,139,198
ForegroundVisited=149,90,231

[Colors:Tooltip]
BackgroundAlternate=239,236,244
BackgroundNormal=239,236,244
DecorationFocus=42,146,146
DecorationHover=42,146,146
ForegroundActive=42,146,146
ForegroundInactive=88,82,96
ForegroundLink=87,109,219
ForegroundNegative=191,64,191
ForegroundNeutral=88,82,96
ForegroundNormal=38,35,42
ForegroundPositive=57,139,198
ForegroundVisited=149,90,231

[Colors:View]
BackgroundAlternate=239,236,244
BackgroundNormal=239,236,244
DecorationFocus=42,146,146
DecorationHover=42,146,146
ForegroundActive=42,146,146
ForegroundInactive=88,82,96
ForegroundLink=87,109,219
ForegroundNegative=191,64,191
ForegroundNeutral=88,82,96
ForegroundNormal=38,35,42
ForegroundPositive=57,139,198
ForegroundVisited=149,90,231

[Colors:Window]
BackgroundAlternate=239,236,244
BackgroundNormal=239,236,244
DecorationFocus=42,146,146
DecorationHover=42,146,146
ForegroundActive=42,146,146
ForegroundInactive=88,82,96
ForegroundLink=87,109,219
ForegroundNegative=191,64,191
ForegroundNeutral=88,82,96
ForegroundNormal=38,35,42
ForegroundPositive=57,139,198
ForegroundVisited=149,90,231

[General]
ColorScheme=Atelier Cave Light Green
Name=Atelier Cave Light Green
shadeSortColumn=true

[KDE]
contrast=4

[WM]
activeBackground=239,236,244
activeBlend=239,236,244
activeForeground=38,35,42
inactiveBackground=239,236,244
inactiveBlend=239,236,244
inactiveForeground=88,82,96
