[ColorEffects:Disabled]
Color=56,56,56
ColorAmount=0
ColorEffect=0
ContrastAmount=0.65000000000000002
ContrastEffect=1
IntensityAmount=0.10000000000000001
IntensityEffect=2

[ColorEffects:Inactive]
ChangeSelectionColor=true
Color=112,111,110
ColorAmount=0.025000000000000001
ColorEffect=2
ContrastAmount=0.10000000000000001
ContrastEffect=2
Enable=false
IntensityAmount=0
IntensityEffect=0


[Colors:Button]
BackgroundAlternate=244,251,244
BackgroundNormal=244,251,244
DecorationFocus=41,163,41
DecorationHover=41,163,41
ForegroundActive=41,163,41
ForegroundInactive=94,110,94
ForegroundLink=61,98,245
ForegroundNegative=230,25,195
ForegroundNeutral=94,110,94
ForegroundNormal=36,41,36
ForegroundPositive=25,153,179
ForegroundVisited=173,43,238

[Colors:Selection]
BackgroundAlternate=41,163,41
BackgroundNormal=41,163,41
DecorationFocus=41,163,41
DecorationHover=41,163,41
ForegroundActive=41,163,41
ForegroundInactive=207,232,207
ForegroundLink=61,98,245
ForegroundNegative=230,25,195
ForegroundNeutral=94,110,94
ForegroundNormal=207,232,207
ForegroundPositive=25,153,179
ForegroundVisited=173,43,238

[Colors:Tooltip]
BackgroundAlternate=244,251,244
BackgroundNormal=244,251,244
DecorationFocus=41,163,41
DecorationHover=41,163,41
ForegroundActive=41,163,41
ForegroundInactive=94,110,94
ForegroundLink=61,98,245
ForegroundNegative=230,25,195
ForegroundNeutral=94,110,94
ForegroundNormal=36,41,36
ForegroundPositive=25,153,179
ForegroundVisited=173,43,238

[Colors:View]
BackgroundAlternate=244,251,244
BackgroundNormal=244,251,244
DecorationFocus=41,163,41
DecorationHover=41,163,41
ForegroundActive=41,163,41
ForegroundInactive=94,110,94
ForegroundLink=61,98,245
ForegroundNegative=230,25,195
ForegroundNeutral=94,110,94
ForegroundNormal=36,41,36
ForegroundPositive=25,153,179
ForegroundVisited=173,43,238

[Colors:Window]
BackgroundAlternate=244,251,244
BackgroundNormal=244,251,244
DecorationFocus=41,163,41
DecorationHover=41,163,41
ForegroundActive=41,163,41
ForegroundInactive=94,110,94
ForegroundLink=61,98,245
ForegroundNegative=230,25,195
ForegroundNeutral=94,110,94
ForegroundNormal=36,41,36
ForegroundPositive=25,153,179
ForegroundVisited=173,43,238

[General]
ColorScheme=Atelier Seaside Light Green
Name=Atelier Seaside Light Green
shadeSortColumn=true

[KDE]
contrast=4

[WM]
activeBackground=244,251,244
activeBlend=244,251,244
activeForeground=36,41,36
inactiveBackground=244,251,244
inactiveBlend=244,251,244
inactiveForeground=94,110,94
