[ColorEffects:Disabled]
Color=56,56,56
ColorAmount=0
ColorEffect=0
ContrastAmount=0.65000000000000002
ContrastEffect=1
IntensityAmount=0.10000000000000001
IntensityEffect=2

[ColorEffects:Inactive]
ChangeSelectionColor=true
Color=112,111,110
ColorAmount=0.025000000000000001
ColorEffect=2
ContrastAmount=0.10000000000000001
ContrastEffect=2
Enable=false
IntensityAmount=0
IntensityEffect=0


[Colors:Button]
BackgroundAlternate=248,248,248
BackgroundNormal=248,248,248
DecorationFocus=161,181,108
DecorationHover=161,181,108
ForegroundActive=161,181,108
ForegroundInactive=56,56,56
ForegroundLink=124,175,194
ForegroundNegative=161,105,70
ForegroundNeutral=56,56,56
ForegroundNormal=40,40,40
ForegroundPositive=134,193,185
ForegroundVisited=186,139,175

[Colors:Selection]
BackgroundAlternate=161,181,108
BackgroundNormal=161,181,108
DecorationFocus=161,181,108
DecorationHover=161,181,108
ForegroundActive=161,181,108
ForegroundInactive=232,232,232
ForegroundLink=124,175,194
ForegroundNegative=161,105,70
ForegroundNeutral=56,56,56
ForegroundNormal=232,232,232
ForegroundPositive=134,193,185
ForegroundVisited=186,139,175

[Colors:Tooltip]
BackgroundAlternate=248,248,248
BackgroundNormal=248,248,248
DecorationFocus=161,181,108
DecorationHover=161,181,108
ForegroundActive=161,181,108
ForegroundInactive=56,56,56
ForegroundLink=124,175,194
ForegroundNegative=161,105,70
ForegroundNeutral=56,56,56
ForegroundNormal=40,40,40
ForegroundPositive=134,193,185
ForegroundVisited=186,139,175

[Colors:View]
BackgroundAlternate=248,248,248
BackgroundNormal=248,248,248
DecorationFocus=161,181,108
DecorationHover=161,181,108
ForegroundActive=161,181,108
ForegroundInactive=56,56,56
ForegroundLink=124,175,194
ForegroundNegative=161,105,70
ForegroundNeutral=56,56,56
ForegroundNormal=40,40,40
ForegroundPositive=134,193,185
ForegroundVisited=186,139,175

[Colors:Window]
BackgroundAlternate=248,248,248
BackgroundNormal=248,248,248
DecorationFocus=161,181,108
DecorationHover=161,181,108
ForegroundActive=161,181,108
ForegroundInactive=56,56,56
ForegroundLink=124,175,194
ForegroundNegative=161,105,70
ForegroundNeutral=56,56,56
ForegroundNormal=40,40,40
ForegroundPositive=134,193,185
ForegroundVisited=186,139,175

[General]
ColorScheme=Default Light Green
Name=Default Light Green
shadeSortColumn=true

[KDE]
contrast=4

[WM]
activeBackground=248,248,248
activeBlend=248,248,248
activeForeground=40,40,40
inactiveBackground=248,248,248
inactiveBlend=248,248,248
inactiveForeground=56,56,56
