[ColorEffects:Disabled]
Color=56,56,56
ColorAmount=0
ColorEffect=0
ContrastAmount=0.65000000000000002
ContrastEffect=1
IntensityAmount=0.10000000000000001
IntensityEffect=2

[ColorEffects:Inactive]
ChangeSelectionColor=true
Color=112,111,110
ColorAmount=0.025000000000000001
ColorEffect=2
ContrastAmount=0.10000000000000001
ContrastEffect=2
Enable=false
IntensityAmount=0
IntensityEffect=0


[Colors:Button]
BackgroundAlternate=59,50,40
BackgroundNormal=59,50,40
DecorationFocus=190,181,91
DecorationHover=190,181,91
ForegroundActive=190,181,91
ForegroundInactive=208,200,198
ForegroundLink=138,179,181
ForegroundNegative=187,149,132
ForegroundNeutral=208,200,198
ForegroundNormal=233,225,221
ForegroundPositive=123,189,164
ForegroundVisited=168,155,185

[Colors:Selection]
BackgroundAlternate=190,181,91
BackgroundNormal=190,181,91
DecorationFocus=190,181,91
DecorationHover=190,181,91
ForegroundActive=190,181,91
ForegroundInactive=83,70,54
ForegroundLink=138,179,181
ForegroundNegative=187,149,132
ForegroundNeutral=208,200,198
ForegroundNormal=83,70,54
ForegroundPositive=123,189,164
ForegroundVisited=168,155,185

[Colors:Tooltip]
BackgroundAlternate=59,50,40
BackgroundNormal=59,50,40
DecorationFocus=190,181,91
DecorationHover=190,181,91
ForegroundActive=190,181,91
ForegroundInactive=208,200,198
ForegroundLink=138,179,181
ForegroundNegative=187,149,132
ForegroundNeutral=208,200,198
ForegroundNormal=233,225,221
ForegroundPositive=123,189,164
ForegroundVisited=168,155,185

[Colors:View]
BackgroundAlternate=59,50,40
BackgroundNormal=59,50,40
DecorationFocus=190,181,91
DecorationHover=190,181,91
ForegroundActive=190,181,91
ForegroundInactive=208,200,198
ForegroundLink=138,179,181
ForegroundNegative=187,149,132
ForegroundNeutral=208,200,198
ForegroundNormal=233,225,221
ForegroundPositive=123,189,164
ForegroundVisited=168,155,185

[Colors:Window]
BackgroundAlternate=59,50,40
BackgroundNormal=59,50,40
DecorationFocus=190,181,91
DecorationHover=190,181,91
ForegroundActive=190,181,91
ForegroundInactive=208,200,198
ForegroundLink=138,179,181
ForegroundNegative=187,149,132
ForegroundNeutral=208,200,198
ForegroundNormal=233,225,221
ForegroundPositive=123,189,164
ForegroundVisited=168,155,185

[General]
ColorScheme=Mocha Green
Name=Mocha Green
shadeSortColumn=true

[KDE]
contrast=4

[WM]
activeBackground=59,50,40
activeBlend=59,50,40
activeForeground=233,225,221
inactiveBackground=59,50,40
inactiveBlend=59,50,40
inactiveForeground=208,200,198
