[ColorEffects:Disabled]
Color=56,56,56
ColorAmount=0
ColorEffect=0
ContrastAmount=0.65000000000000002
ContrastEffect=1
IntensityAmount=0.10000000000000001
IntensityEffect=2

[ColorEffects:Inactive]
ChangeSelectionColor=true
Color=112,111,110
ColorAmount=0.025000000000000001
ColorEffect=2
ContrastAmount=0.10000000000000001
ContrastEffect=2
Enable=false
IntensityAmount=0
IntensityEffect=0


[Colors:Button]
BackgroundAlternate=254,251,236
BackgroundNormal=254,251,236
DecorationFocus=96,172,57
DecorationHover=96,172,57
ForegroundActive=96,172,57
ForegroundInactive=110,107,94
ForegroundLink=102,132,225
ForegroundNegative=212,53,82
ForegroundNeutral=110,107,94
ForegroundNormal=41,40,36
ForegroundPositive=31,173,131
ForegroundVisited=184,84,212

[Colors:Selection]
BackgroundAlternate=96,172,57
BackgroundNormal=96,172,57
DecorationFocus=96,172,57
DecorationHover=96,172,57
ForegroundActive=96,172,57
ForegroundInactive=232,228,207
ForegroundLink=102,132,225
ForegroundNegative=212,53,82
ForegroundNeutral=110,107,94
ForegroundNormal=232,228,207
ForegroundPositive=31,173,131
ForegroundVisited=184,84,212

[Colors:Tooltip]
BackgroundAlternate=254,251,236
BackgroundNormal=254,251,236
DecorationFocus=96,172,57
DecorationHover=96,172,57
ForegroundActive=96,172,57
ForegroundInactive=110,107,94
ForegroundLink=102,132,225
ForegroundNegative=212,53,82
ForegroundNeutral=110,107,94
ForegroundNormal=41,40,36
ForegroundPositive=31,173,131
ForegroundVisited=184,84,212

[Colors:View]
BackgroundAlternate=254,251,236
BackgroundNormal=254,251,236
DecorationFocus=96,172,57
DecorationHover=96,172,57
ForegroundActive=96,172,57
ForegroundInactive=110,107,94
ForegroundLink=102,132,225
ForegroundNegative=212,53,82
ForegroundNeutral=110,107,94
ForegroundNormal=41,40,36
ForegroundPositive=31,173,131
ForegroundVisited=184,84,212

[Colors:Window]
BackgroundAlternate=254,251,236
BackgroundNormal=254,251,236
DecorationFocus=96,172,57
DecorationHover=96,172,57
ForegroundActive=96,172,57
ForegroundInactive=110,107,94
ForegroundLink=102,132,225
ForegroundNegative=212,53,82
ForegroundNeutral=110,107,94
ForegroundNormal=41,40,36
ForegroundPositive=31,173,131
ForegroundVisited=184,84,212

[General]
ColorScheme=Atelier Dune Light Green
Name=Atelier Dune Light Green
shadeSortColumn=true

[KDE]
contrast=4

[WM]
activeBackground=254,251,236
activeBlend=254,251,236
activeForeground=41,40,36
inactiveBackground=254,251,236
inactiveBlend=254,251,236
inactiveForeground=110,107,94
