[ColorEffects:Disabled]
Color=56,56,56
ColorAmount=0
ColorEffect=0
ContrastAmount=0.65000000000000002
ContrastEffect=1
IntensityAmount=0.10000000000000001
IntensityEffect=2

[ColorEffects:Inactive]
ChangeSelectionColor=true
Color=112,111,110
ColorAmount=0.025000000000000001
ColorEffect=2
ContrastAmount=0.10000000000000001
ContrastEffect=2
Enable=false
IntensityAmount=0
IntensityEffect=0


[Colors:Button]
BackgroundAlternate=60,76,85
BackgroundNormal=60,76,85
DecorationFocus=127,193,202
DecorationHover=127,193,202
ForegroundActive=127,193,202
ForegroundInactive=197,212,221
ForegroundLink=131,175,229
ForegroundNegative=242,195,143
ForegroundNeutral=197,212,221
ForegroundNormal=137,155,166
ForegroundPositive=242,195,143
ForegroundVisited=154,147,225

[Colors:Selection]
BackgroundAlternate=127,193,202
BackgroundNormal=127,193,202
DecorationFocus=127,193,202
DecorationHover=127,193,202
ForegroundActive=127,193,202
ForegroundInactive=85,104,115
ForegroundLink=131,175,229
ForegroundNegative=242,195,143
ForegroundNeutral=197,212,221
ForegroundNormal=85,104,115
ForegroundPositive=242,195,143
ForegroundVisited=154,147,225

[Colors:Tooltip]
BackgroundAlternate=60,76,85
BackgroundNormal=60,76,85
DecorationFocus=127,193,202
DecorationHover=127,193,202
ForegroundActive=127,193,202
ForegroundInactive=197,212,221
ForegroundLink=131,175,229
ForegroundNegative=242,195,143
ForegroundNeutral=197,212,221
ForegroundNormal=137,155,166
ForegroundPositive=242,195,143
ForegroundVisited=154,147,225

[Colors:View]
BackgroundAlternate=60,76,85
BackgroundNormal=60,76,85
DecorationFocus=127,193,202
DecorationHover=127,193,202
ForegroundActive=127,193,202
ForegroundInactive=197,212,221
ForegroundLink=131,175,229
ForegroundNegative=242,195,143
ForegroundNeutral=197,212,221
ForegroundNormal=137,155,166
ForegroundPositive=242,195,143
ForegroundVisited=154,147,225

[Colors:Window]
BackgroundAlternate=60,76,85
BackgroundNormal=60,76,85
DecorationFocus=127,193,202
DecorationHover=127,193,202
ForegroundActive=127,193,202
ForegroundInactive=197,212,221
ForegroundLink=131,175,229
ForegroundNegative=242,195,143
ForegroundNeutral=197,212,221
ForegroundNormal=137,155,166
ForegroundPositive=242,195,143
ForegroundVisited=154,147,225

[General]
ColorScheme=Nova Green
Name=Nova Green
shadeSortColumn=true

[KDE]
contrast=4

[WM]
activeBackground=60,76,85
activeBlend=60,76,85
activeForeground=137,155,166
inactiveBackground=60,76,85
inactiveBlend=60,76,85
inactiveForeground=197,212,221
