[ColorEffects:Disabled]
Color=56,56,56
ColorAmount=0
ColorEffect=0
ContrastAmount=0.65000000000000002
ContrastEffect=1
IntensityAmount=0.10000000000000001
IntensityEffect=2

[ColorEffects:Inactive]
ChangeSelectionColor=true
Color=112,111,110
ColorAmount=0.025000000000000001
ColorEffect=2
ContrastAmount=0.10000000000000001
ContrastEffect=2
Enable=false
IntensityAmount=0
IntensityEffect=0


[Colors:Button]
BackgroundAlternate=38,39,41
BackgroundNormal=38,39,41
DecorationFocus=161,191,120
DecorationHover=161,191,120
ForegroundActive=161,191,120
ForegroundInactive=183,190,201
ForegroundLink=115,179,231
ForegroundNegative=94,186,165
ForegroundNeutral=183,190,201
ForegroundNormal=211,144,231
ForegroundPositive=94,186,165
ForegroundVisited=211,144,231

[Colors:Selection]
BackgroundAlternate=161,191,120
BackgroundNormal=161,191,120
DecorationFocus=161,191,120
DecorationHover=161,191,120
ForegroundActive=161,191,120
ForegroundInactive=136,144,159
ForegroundLink=115,179,231
ForegroundNegative=94,186,165
ForegroundNeutral=183,190,201
ForegroundNormal=136,144,159
ForegroundPositive=94,186,165
ForegroundVisited=211,144,231

[Colors:Tooltip]
BackgroundAlternate=38,39,41
BackgroundNormal=38,39,41
DecorationFocus=161,191,120
DecorationHover=161,191,120
ForegroundActive=161,191,120
ForegroundInactive=183,190,201
ForegroundLink=115,179,231
ForegroundNegative=94,186,165
ForegroundNeutral=183,190,201
ForegroundNormal=211,144,231
ForegroundPositive=94,186,165
ForegroundVisited=211,144,231

[Colors:View]
BackgroundAlternate=38,39,41
BackgroundNormal=38,39,41
DecorationFocus=161,191,120
DecorationHover=161,191,120
ForegroundActive=161,191,120
ForegroundInactive=183,190,201
ForegroundLink=115,179,231
ForegroundNegative=94,186,165
ForegroundNeutral=183,190,201
ForegroundNormal=211,144,231
ForegroundPositive=94,186,165
ForegroundVisited=211,144,231

[Colors:Window]
BackgroundAlternate=38,39,41
BackgroundNormal=38,39,41
DecorationFocus=161,191,120
DecorationHover=161,191,120
ForegroundActive=161,191,120
ForegroundInactive=183,190,201
ForegroundLink=115,179,231
ForegroundNegative=94,186,165
ForegroundNeutral=183,190,201
ForegroundNormal=211,144,231
ForegroundPositive=94,186,165
ForegroundVisited=211,144,231

[General]
ColorScheme=Edge Dark Green
Name=Edge Dark Green
shadeSortColumn=true

[KDE]
contrast=4

[WM]
activeBackground=38,39,41
activeBlend=38,39,41
activeForeground=211,144,231
inactiveBackground=38,39,41
inactiveBlend=38,39,41
inactiveForeground=183,190,201
