[ColorEffects:Disabled]
Color=56,56,56
ColorAmount=0
ColorEffect=0
ContrastAmount=0.65000000000000002
ContrastEffect=1
IntensityAmount=0.10000000000000001
IntensityEffect=2

[ColorEffects:Inactive]
ChangeSelectionColor=true
Color=112,111,110
ColorAmount=0.025000000000000001
ColorEffect=2
ContrastAmount=0.10000000000000001
ContrastEffect=2
Enable=false
IntensityAmount=0
IntensityEffect=0


[Colors:Button]
BackgroundAlternate=26,26,26
BackgroundNormal=26,26,26
DecorationFocus=131,164,113
DecorationHover=131,164,113
ForegroundActive=131,164,113
ForegroundInactive=204,204,204
ForegroundLink=142,204,221
ForegroundNegative=139,108,55
ForegroundNeutral=204,204,204
ForegroundNormal=232,232,232
ForegroundPositive=124,156,174
ForegroundVisited=185,142,178

[Colors:Selection]
BackgroundAlternate=131,164,113
BackgroundNormal=131,164,113
DecorationFocus=131,164,113
DecorationHover=131,164,113
ForegroundActive=131,164,113
ForegroundInactive=34,34,34
ForegroundLink=142,204,221
ForegroundNegative=139,108,55
ForegroundNeutral=204,204,204
ForegroundNormal=34,34,34
ForegroundPositive=124,156,174
ForegroundVisited=185,142,178

[Colors:Tooltip]
BackgroundAlternate=26,26,26
BackgroundNormal=26,26,26
DecorationFocus=131,164,113
DecorationHover=131,164,113
ForegroundActive=131,164,113
ForegroundInactive=204,204,204
ForegroundLink=142,204,221
ForegroundNegative=139,108,55
ForegroundNeutral=204,204,204
ForegroundNormal=232,232,232
ForegroundPositive=124,156,174
ForegroundVisited=185,142,178

[Colors:View]
BackgroundAlternate=26,26,26
BackgroundNormal=26,26,26
DecorationFocus=131,164,113
DecorationHover=131,164,113
ForegroundActive=131,164,113
ForegroundInactive=204,204,204
ForegroundLink=142,204,221
ForegroundNegative=139,108,55
ForegroundNeutral=204,204,204
ForegroundNormal=232,232,232
ForegroundPositive=124,156,174
ForegroundVisited=185,142,178

[Colors:Window]
BackgroundAlternate=26,26,26
BackgroundNormal=26,26,26
DecorationFocus=131,164,113
DecorationHover=131,164,113
ForegroundActive=131,164,113
ForegroundInactive=204,204,204
ForegroundLink=142,204,221
ForegroundNegative=139,108,55
ForegroundNeutral=204,204,204
ForegroundNormal=232,232,232
ForegroundPositive=124,156,174
ForegroundVisited=185,142,178

[General]
ColorScheme=iA Dark Green
Name=iA Dark Green
shadeSortColumn=true

[KDE]
contrast=4

[WM]
activeBackground=26,26,26
activeBlend=26,26,26
activeForeground=232,232,232
inactiveBackground=26,26,26
inactiveBlend=26,26,26
inactiveForeground=204,204,204
