[ColorEffects:Disabled]
Color=56,56,56
ColorAmount=0
ColorEffect=0
ContrastAmount=0.65000000000000002
ContrastEffect=1
IntensityAmount=0.10000000000000001
IntensityEffect=2

[ColorEffects:Inactive]
ChangeSelectionColor=true
Color=112,111,110
ColorAmount=0.025000000000000001
ColorEffect=2
ContrastAmount=0.10000000000000001
ContrastEffect=2
Enable=false
IntensityAmount=0
IntensityEffect=0


[Colors:Button]
BackgroundAlternate=41,44,54
BackgroundNormal=41,44,54
DecorationFocus=149,199,111
DecorationHover=149,199,111
ForegroundActive=149,199,111
ForegroundInactive=216,216,216
ForegroundLink=132,133,206
ForegroundNegative=152,104,65
ForegroundNeutral=216,216,216
ForegroundNormal=232,232,232
ForegroundPositive=100,135,143
ForegroundVisited=183,73,137

[Colors:Selection]
BackgroundAlternate=149,199,111
BackgroundNormal=149,199,111
DecorationFocus=149,199,111
DecorationHover=149,199,111
ForegroundActive=149,199,111
ForegroundInactive=51,51,68
ForegroundLink=132,133,206
ForegroundNegative=152,104,65
ForegroundNeutral=216,216,216
ForegroundNormal=51,51,68
ForegroundPositive=100,135,143
ForegroundVisited=183,73,137

[Colors:Tooltip]
BackgroundAlternate=41,44,54
BackgroundNormal=41,44,54
DecorationFocus=149,199,111
DecorationHover=149,199,111
ForegroundActive=149,199,111
ForegroundInactive=216,216,216
ForegroundLink=132,133,206
ForegroundNegative=152,104,65
ForegroundNeutral=216,216,216
ForegroundNormal=232,232,232
ForegroundPositive=100,135,143
ForegroundVisited=183,73,137

[Colors:View]
BackgroundAlternate=41,44,54
BackgroundNormal=41,44,54
DecorationFocus=149,199,111
DecorationHover=149,199,111
ForegroundActive=149,199,111
ForegroundInactive=216,216,216
ForegroundLink=132,133,206
ForegroundNegative=152,104,65
ForegroundNeutral=216,216,216
ForegroundNormal=232,232,232
ForegroundPositive=100,135,143
ForegroundVisited=183,73,137

[Colors:Window]
BackgroundAlternate=41,44,54
BackgroundNormal=41,44,54
DecorationFocus=149,199,111
DecorationHover=149,199,111
ForegroundActive=149,199,111
ForegroundInactive=216,216,216
ForegroundLink=132,133,206
ForegroundNegative=152,104,65
ForegroundNeutral=216,216,216
ForegroundNormal=232,232,232
ForegroundPositive=100,135,143
ForegroundVisited=183,73,137

[General]
ColorScheme=Porple Green
Name=Porple Green
shadeSortColumn=true

[KDE]
contrast=4

[WM]
activeBackground=41,44,54
activeBlend=41,44,54
activeForeground=232,232,232
inactiveBackground=41,44,54
inactiveBlend=41,44,54
inactiveForeground=216,216,216
