[ColorEffects:Disabled]
Color=56,56,56
ColorAmount=0
ColorEffect=0
ContrastAmount=0.65000000000000002
ContrastEffect=1
IntensityAmount=0.10000000000000001
IntensityEffect=2

[ColorEffects:Inactive]
ChangeSelectionColor=true
Color=112,111,110
ColorAmount=0.025000000000000001
ColorEffect=2
ContrastAmount=0.10000000000000001
ContrastEffect=2
Enable=false
IntensityAmount=0
IntensityEffect=0


[Colors:Button]
BackgroundAlternate=35,44,49
BackgroundNormal=35,44,49
DecorationFocus=35,121,134
DecorationHover=35,121,134
ForegroundActive=35,121,134
ForegroundInactive=158,167,166
ForegroundLink=72,77,121
ForegroundNegative=201,131,68
ForegroundNeutral=158,167,166
ForegroundNormal=167,207,163
ForegroundPositive=176,47,48
ForegroundVisited=197,152,32

[Colors:Selection]
BackgroundAlternate=35,121,134
BackgroundNormal=35,121,134
DecorationFocus=35,121,134
DecorationHover=35,121,134
ForegroundActive=35,121,134
ForegroundInactive=28,54,87
ForegroundLink=72,77,121
ForegroundNegative=201,131,68
ForegroundNeutral=158,167,166
ForegroundNormal=28,54,87
ForegroundPositive=176,47,48
ForegroundVisited=197,152,32

[Colors:Tooltip]
BackgroundAlternate=35,44,49
BackgroundNormal=35,44,49
DecorationFocus=35,121,134
DecorationHover=35,121,134
ForegroundActive=35,121,134
ForegroundInactive=158,167,166
ForegroundLink=72,77,121
ForegroundNegative=201,131,68
ForegroundNeutral=158,167,166
ForegroundNormal=167,207,163
ForegroundPositive=176,47,48
ForegroundVisited=197,152,32

[Colors:View]
BackgroundAlternate=35,44,49
BackgroundNormal=35,44,49
DecorationFocus=35,121,134
DecorationHover=35,121,134
ForegroundActive=35,121,134
ForegroundInactive=158,167,166
ForegroundLink=72,77,121
ForegroundNegative=201,131,68
ForegroundNeutral=158,167,166
ForegroundNormal=167,207,163
ForegroundPositive=176,47,48
ForegroundVisited=197,152,32

[Colors:Window]
BackgroundAlternate=35,44,49
BackgroundNormal=35,44,49
DecorationFocus=35,121,134
DecorationHover=35,121,134
ForegroundActive=35,121,134
ForegroundInactive=158,167,166
ForegroundLink=72,77,121
ForegroundNegative=201,131,68
ForegroundNeutral=158,167,166
ForegroundNormal=167,207,163
ForegroundPositive=176,47,48
ForegroundVisited=197,152,32

[General]
ColorScheme=Codeschool Green
Name=Codeschool Green
shadeSortColumn=true

[KDE]
contrast=4

[WM]
activeBackground=35,44,49
activeBlend=35,44,49
activeForeground=167,207,163
inactiveBackground=35,44,49
inactiveBlend=35,44,49
inactiveForeground=158,167,166
