[ColorEffects:Disabled]
Color=56,56,56
ColorAmount=0
ColorEffect=0
ContrastAmount=0.65000000000000002
ContrastEffect=1
IntensityAmount=0.10000000000000001
IntensityEffect=2

[ColorEffects:Inactive]
ChangeSelectionColor=true
Color=112,111,110
ColorAmount=0.025000000000000001
ColorEffect=2
ContrastAmount=0.10000000000000001
ContrastEffect=2
Enable=false
IntensityAmount=0
IntensityEffect=0


[Colors:Button]
BackgroundAlternate=24,38,47
BackgroundNormal=24,38,47
DecorationFocus=124,200,68
DecorationHover=124,200,68
ForegroundActive=124,200,68
ForegroundInactive=166,175,184
ForegroundLink=51,181,225
ForegroundNegative=215,60,154
ForegroundNeutral=166,175,184
ForegroundNormal=232,233,237
ForegroundPositive=82,203,176
ForegroundVisited=163,99,213

[Colors:Selection]
BackgroundAlternate=124,200,68
BackgroundNormal=124,200,68
DecorationFocus=124,200,68
DecorationHover=124,200,68
ForegroundActive=124,200,68
ForegroundInactive=34,46,56
ForegroundLink=51,181,225
ForegroundNegative=215,60,154
ForegroundNeutral=166,175,184
ForegroundNormal=34,46,56
ForegroundPositive=82,203,176
ForegroundVisited=163,99,213

[Colors:Tooltip]
BackgroundAlternate=24,38,47
BackgroundNormal=24,38,47
DecorationFocus=124,200,68
DecorationHover=124,200,68
ForegroundActive=124,200,68
ForegroundInactive=166,175,184
ForegroundLink=51,181,225
ForegroundNegative=215,60,154
ForegroundNeutral=166,175,184
ForegroundNormal=232,233,237
ForegroundPositive=82,203,176
ForegroundVisited=163,99,213

[Colors:View]
BackgroundAlternate=24,38,47
BackgroundNormal=24,38,47
DecorationFocus=124,200,68
DecorationHover=124,200,68
ForegroundActive=124,200,68
ForegroundInactive=166,175,184
ForegroundLink=51,181,225
ForegroundNegative=215,60,154
ForegroundNeutral=166,175,184
ForegroundNormal=232,233,237
ForegroundPositive=82,203,176
ForegroundVisited=163,99,213

[Colors:Window]
BackgroundAlternate=24,38,47
BackgroundNormal=24,38,47
DecorationFocus=124,200,68
DecorationHover=124,200,68
ForegroundActive=124,200,68
ForegroundInactive=166,175,184
ForegroundLink=51,181,225
ForegroundNegative=215,60,154
ForegroundNeutral=166,175,184
ForegroundNormal=232,233,237
ForegroundPositive=82,203,176
ForegroundVisited=163,99,213

[General]
ColorScheme=Solar Flare Green
Name=Solar Flare Green
shadeSortColumn=true

[KDE]
contrast=4

[WM]
activeBackground=24,38,47
activeBlend=24,38,47
activeForeground=232,233,237
inactiveBackground=24,38,47
inactiveBlend=24,38,47
inactiveForeground=166,175,184
