[ColorEffects:Disabled]
Color=56,56,56
ColorAmount=0
ColorEffect=0
ContrastAmount=0.65000000000000002
ContrastEffect=1
IntensityAmount=0.10000000000000001
IntensityEffect=2

[ColorEffects:Inactive]
ChangeSelectionColor=true
Color=112,111,110
ColorAmount=0.025000000000000001
ColorEffect=2
ContrastAmount=0.10000000000000001
ContrastEffect=2
Enable=false
IntensityAmount=0
IntensityEffect=0


[Colors:Button]
BackgroundAlternate=45,45,45
BackgroundNormal=45,45,45
DecorationFocus=153,204,153
DecorationHover=153,204,153
ForegroundActive=153,204,153
ForegroundInactive=211,208,200
ForegroundLink=102,153,204
ForegroundNegative=210,123,83
ForegroundNeutral=211,208,200
ForegroundNormal=232,230,223
ForegroundPositive=102,204,204
ForegroundVisited=204,153,204

[Colors:Selection]
BackgroundAlternate=153,204,153
BackgroundNormal=153,204,153
DecorationFocus=153,204,153
DecorationHover=153,204,153
ForegroundActive=153,204,153
ForegroundInactive=57,57,57
ForegroundLink=102,153,204
ForegroundNegative=210,123,83
ForegroundNeutral=211,208,200
ForegroundNormal=57,57,57
ForegroundPositive=102,204,204
ForegroundVisited=204,153,204

[Colors:Tooltip]
BackgroundAlternate=45,45,45
BackgroundNormal=45,45,45
DecorationFocus=153,204,153
DecorationHover=153,204,153
ForegroundActive=153,204,153
ForegroundInactive=211,208,200
ForegroundLink=102,153,204
ForegroundNegative=210,123,83
ForegroundNeutral=211,208,200
ForegroundNormal=232,230,223
ForegroundPositive=102,204,204
ForegroundVisited=204,153,204

[Colors:View]
BackgroundAlternate=45,45,45
BackgroundNormal=45,45,45
DecorationFocus=153,204,153
DecorationHover=153,204,153
ForegroundActive=153,204,153
ForegroundInactive=211,208,200
ForegroundLink=102,153,204
ForegroundNegative=210,123,83
ForegroundNeutral=211,208,200
ForegroundNormal=232,230,223
ForegroundPositive=102,204,204
ForegroundVisited=204,153,204

[Colors:Window]
BackgroundAlternate=45,45,45
BackgroundNormal=45,45,45
DecorationFocus=153,204,153
DecorationHover=153,204,153
ForegroundActive=153,204,153
ForegroundInactive=211,208,200
ForegroundLink=102,153,204
ForegroundNegative=210,123,83
ForegroundNeutral=211,208,200
ForegroundNormal=232,230,223
ForegroundPositive=102,204,204
ForegroundVisited=204,153,204

[General]
ColorScheme=Eighties Green
Name=Eighties Green
shadeSortColumn=true

[KDE]
contrast=4

[WM]
activeBackground=45,45,45
activeBlend=45,45,45
activeForeground=232,230,223
inactiveBackground=45,45,45
inactiveBlend=45,45,45
inactiveForeground=211,208,200
