[ColorEffects:Disabled]
Color=56,56,56
ColorAmount=0
ColorEffect=0
ContrastAmount=0.65000000000000002
ContrastEffect=1
IntensityAmount=0.10000000000000001
IntensityEffect=2

[ColorEffects:Inactive]
ChangeSelectionColor=true
Color=112,111,110
ColorAmount=0.025000000000000001
ColorEffect=2
ContrastAmount=0.10000000000000001
ContrastEffect=2
Enable=false
IntensityAmount=0
IntensityEffect=0


[Colors:Button]
BackgroundAlternate=251,241,199
BackgroundNormal=251,241,199
DecorationFocus=121,116,14
DecorationHover=121,116,14
ForegroundActive=121,116,14
ForegroundInactive=80,73,69
ForegroundLink=7,102,120
ForegroundNegative=214,93,14
ForegroundNeutral=80,73,69
ForegroundNormal=60,56,54
ForegroundPositive=66,123,88
ForegroundVisited=143,63,113

[Colors:Selection]
BackgroundAlternate=121,116,14
BackgroundNormal=121,116,14
DecorationFocus=121,116,14
DecorationHover=121,116,14
ForegroundActive=121,116,14
ForegroundInactive=235,219,178
ForegroundLink=7,102,120
ForegroundNegative=214,93,14
ForegroundNeutral=80,73,69
ForegroundNormal=235,219,178
ForegroundPositive=66,123,88
ForegroundVisited=143,63,113

[Colors:Tooltip]
BackgroundAlternate=251,241,199
BackgroundNormal=251,241,199
DecorationFocus=121,116,14
DecorationHover=121,116,14
ForegroundActive=121,116,14
ForegroundInactive=80,73,69
ForegroundLink=7,102,120
ForegroundNegative=214,93,14
ForegroundNeutral=80,73,69
ForegroundNormal=60,56,54
ForegroundPositive=66,123,88
ForegroundVisited=143,63,113

[Colors:View]
BackgroundAlternate=251,241,199
BackgroundNormal=251,241,199
DecorationFocus=121,116,14
DecorationHover=121,116,14
ForegroundActive=121,116,14
ForegroundInactive=80,73,69
ForegroundLink=7,102,120
ForegroundNegative=214,93,14
ForegroundNeutral=80,73,69
ForegroundNormal=60,56,54
ForegroundPositive=66,123,88
ForegroundVisited=143,63,113

[Colors:Window]
BackgroundAlternate=251,241,199
BackgroundNormal=251,241,199
DecorationFocus=121,116,14
DecorationHover=121,116,14
ForegroundActive=121,116,14
ForegroundInactive=80,73,69
ForegroundLink=7,102,120
ForegroundNegative=214,93,14
ForegroundNeutral=80,73,69
ForegroundNormal=60,56,54
ForegroundPositive=66,123,88
ForegroundVisited=143,63,113

[General]
ColorScheme=Gruvbox light, medium Green
Name=Gruvbox light, medium Green
shadeSortColumn=true

[KDE]
contrast=4

[WM]
activeBackground=251,241,199
activeBlend=251,241,199
activeForeground=60,56,54
inactiveBackground=251,241,199
inactiveBlend=251,241,199
inactiveForeground=80,73,69
