[ColorEffects:Disabled]
Color=56,56,56
ColorAmount=0
ColorEffect=0
ContrastAmount=0.65000000000000002
ContrastEffect=1
IntensityAmount=0.10000000000000001
IntensityEffect=2

[ColorEffects:Inactive]
ChangeSelectionColor=true
Color=112,111,110
ColorAmount=0.025000000000000001
ColorEffect=2
ContrastAmount=0.10000000000000001
ContrastEffect=2
Enable=false
IntensityAmount=0
IntensityEffect=0


[Colors:Button]
BackgroundAlternate=253,246,227
BackgroundNormal=253,246,227
DecorationFocus=133,153,0
DecorationHover=133,153,0
ForegroundActive=133,153,0
ForegroundInactive=88,110,117
ForegroundLink=38,139,210
ForegroundNegative=211,54,130
ForegroundNeutral=88,110,117
ForegroundNormal=7,54,66
ForegroundPositive=42,161,152
ForegroundVisited=108,113,196

[Colors:Selection]
BackgroundAlternate=133,153,0
BackgroundNormal=133,153,0
DecorationFocus=133,153,0
DecorationHover=133,153,0
ForegroundActive=133,153,0
ForegroundInactive=238,232,213
ForegroundLink=38,139,210
ForegroundNegative=211,54,130
ForegroundNeutral=88,110,117
ForegroundNormal=238,232,213
ForegroundPositive=42,161,152
ForegroundVisited=108,113,196

[Colors:Tooltip]
BackgroundAlternate=253,246,227
BackgroundNormal=253,246,227
DecorationFocus=133,153,0
DecorationHover=133,153,0
ForegroundActive=133,153,0
ForegroundInactive=88,110,117
ForegroundLink=38,139,210
ForegroundNegative=211,54,130
ForegroundNeutral=88,110,117
ForegroundNormal=7,54,66
ForegroundPositive=42,161,152
ForegroundVisited=108,113,196

[Colors:View]
BackgroundAlternate=253,246,227
BackgroundNormal=253,246,227
DecorationFocus=133,153,0
DecorationHover=133,153,0
ForegroundActive=133,153,0
ForegroundInactive=88,110,117
ForegroundLink=38,139,210
ForegroundNegative=211,54,130
ForegroundNeutral=88,110,117
ForegroundNormal=7,54,66
ForegroundPositive=42,161,152
ForegroundVisited=108,113,196

[Colors:Window]
BackgroundAlternate=253,246,227
BackgroundNormal=253,246,227
DecorationFocus=133,153,0
DecorationHover=133,153,0
ForegroundActive=133,153,0
ForegroundInactive=88,110,117
ForegroundLink=38,139,210
ForegroundNegative=211,54,130
ForegroundNeutral=88,110,117
ForegroundNormal=7,54,66
ForegroundPositive=42,161,152
ForegroundVisited=108,113,196

[General]
ColorScheme=Solarized Light Green
Name=Solarized Light Green
shadeSortColumn=true

[KDE]
contrast=4

[WM]
activeBackground=253,246,227
activeBlend=253,246,227
activeForeground=7,54,66
inactiveBackground=253,246,227
inactiveBlend=253,246,227
inactiveForeground=88,110,117
