[ColorEffects:Disabled]
Color=56,56,56
ColorAmount=0
ColorEffect=0
ContrastAmount=0.65000000000000002
ContrastEffect=1
IntensityAmount=0.10000000000000001
IntensityEffect=2

[ColorEffects:Inactive]
ChangeSelectionColor=true
Color=112,111,110
ColorAmount=0.025000000000000001
ColorEffect=2
ContrastAmount=0.10000000000000001
ContrastEffect=2
Enable=false
IntensityAmount=0
IntensityEffect=0


[Colors:Button]
BackgroundAlternate=0,0,0
BackgroundNormal=0,0,0
DecorationFocus=165,170,167
DecorationHover=165,170,167
ForegroundActive=165,170,167
ForegroundInactive=193,193,193
ForegroundLink=136,136,136
ForegroundNegative=68,68,68
ForegroundNeutral=193,193,193
ForegroundNormal=153,153,153
ForegroundPositive=170,170,170
ForegroundVisited=153,153,153

[Colors:Selection]
BackgroundAlternate=165,170,167
BackgroundNormal=165,170,167
DecorationFocus=165,170,167
DecorationHover=165,170,167
ForegroundActive=165,170,167
ForegroundInactive=18,18,18
ForegroundLink=136,136,136
ForegroundNegative=68,68,68
ForegroundNeutral=193,193,193
ForegroundNormal=18,18,18
ForegroundPositive=170,170,170
ForegroundVisited=153,153,153

[Colors:Tooltip]
BackgroundAlternate=0,0,0
BackgroundNormal=0,0,0
DecorationFocus=165,170,167
DecorationHover=165,170,167
ForegroundActive=165,170,167
ForegroundInactive=193,193,193
ForegroundLink=136,136,136
ForegroundNegative=68,68,68
ForegroundNeutral=193,193,193
ForegroundNormal=153,153,153
ForegroundPositive=170,170,170
ForegroundVisited=153,153,153

[Colors:View]
BackgroundAlternate=0,0,0
BackgroundNormal=0,0,0
DecorationFocus=165,170,167
DecorationHover=165,170,167
ForegroundActive=165,170,167
ForegroundInactive=193,193,193
ForegroundLink=136,136,136
ForegroundNegative=68,68,68
ForegroundNeutral=193,193,193
ForegroundNormal=153,153,153
ForegroundPositive=170,170,170
ForegroundVisited=153,153,153

[Colors:Window]
BackgroundAlternate=0,0,0
BackgroundNormal=0,0,0
DecorationFocus=165,170,167
DecorationHover=165,170,167
ForegroundActive=165,170,167
ForegroundInactive=193,193,193
ForegroundLink=136,136,136
ForegroundNegative=68,68,68
ForegroundNeutral=193,193,193
ForegroundNormal=153,153,153
ForegroundPositive=170,170,170
ForegroundVisited=153,153,153

[General]
ColorScheme=Black Metal (Marduk) Green
Name=Black Metal (Marduk) Green
shadeSortColumn=true

[KDE]
contrast=4

[WM]
activeBackground=0,0,0
activeBlend=0,0,0
activeForeground=153,153,153
inactiveBackground=0,0,0
inactiveBlend=0,0,0
inactiveForeground=193,193,193
