[ColorEffects:Disabled]
Color=56,56,56
ColorAmount=0
ColorEffect=0
ContrastAmount=0.65000000000000002
ContrastEffect=1
IntensityAmount=0.10000000000000001
IntensityEffect=2

[ColorEffects:Inactive]
ChangeSelectionColor=true
Color=112,111,110
ColorAmount=0.025000000000000001
ColorEffect=2
ContrastAmount=0.10000000000000001
ContrastEffect=2
Enable=false
IntensityAmount=0
IntensityEffect=0


[Colors:Button]
BackgroundAlternate=43,48,59
BackgroundNormal=43,48,59
DecorationFocus=163,190,140
DecorationHover=163,190,140
ForegroundActive=163,190,140
ForegroundInactive=192,197,206
ForegroundLink=143,161,179
ForegroundNegative=171,121,103
ForegroundNeutral=192,197,206
ForegroundNormal=223,225,232
ForegroundPositive=150,181,180
ForegroundVisited=180,142,173

[Colors:Selection]
BackgroundAlternate=163,190,140
BackgroundNormal=163,190,140
DecorationFocus=163,190,140
DecorationHover=163,190,140
ForegroundActive=163,190,140
ForegroundInactive=52,61,70
ForegroundLink=143,161,179
ForegroundNegative=171,121,103
ForegroundNeutral=192,197,206
ForegroundNormal=52,61,70
ForegroundPositive=150,181,180
ForegroundVisited=180,142,173

[Colors:Tooltip]
BackgroundAlternate=43,48,59
BackgroundNormal=43,48,59
DecorationFocus=163,190,140
DecorationHover=163,190,140
ForegroundActive=163,190,140
ForegroundInactive=192,197,206
ForegroundLink=143,161,179
ForegroundNegative=171,121,103
ForegroundNeutral=192,197,206
ForegroundNormal=223,225,232
ForegroundPositive=150,181,180
ForegroundVisited=180,142,173

[Colors:View]
BackgroundAlternate=43,48,59
BackgroundNormal=43,48,59
DecorationFocus=163,190,140
DecorationHover=163,190,140
ForegroundActive=163,190,140
ForegroundInactive=192,197,206
ForegroundLink=143,161,179
ForegroundNegative=171,121,103
ForegroundNeutral=192,197,206
ForegroundNormal=223,225,232
ForegroundPositive=150,181,180
ForegroundVisited=180,142,173

[Colors:Window]
BackgroundAlternate=43,48,59
BackgroundNormal=43,48,59
DecorationFocus=163,190,140
DecorationHover=163,190,140
ForegroundActive=163,190,140
ForegroundInactive=192,197,206
ForegroundLink=143,161,179
ForegroundNegative=171,121,103
ForegroundNeutral=192,197,206
ForegroundNormal=223,225,232
ForegroundPositive=150,181,180
ForegroundVisited=180,142,173

[General]
ColorScheme=Ocean Green
Name=Ocean Green
shadeSortColumn=true

[KDE]
contrast=4

[WM]
activeBackground=43,48,59
activeBlend=43,48,59
activeForeground=223,225,232
inactiveBackground=43,48,59
inactiveBlend=43,48,59
inactiveForeground=192,197,206
