[ColorEffects:Disabled]
Color=56,56,56
ColorAmount=0
ColorEffect=0
ContrastAmount=0.65000000000000002
ContrastEffect=1
IntensityAmount=0.10000000000000001
IntensityEffect=2

[ColorEffects:Inactive]
ChangeSelectionColor=true
Color=112,111,110
ColorAmount=0.025000000000000001
ColorEffect=2
ContrastAmount=0.10000000000000001
ContrastEffect=2
Enable=false
IntensityAmount=0
IntensityEffect=0


[Colors:Button]
BackgroundAlternate=32,39,70
BackgroundNormal=32,39,70
DecorationFocus=172,151,57
DecorationHover=172,151,57
ForegroundActive=172,151,57
ForegroundInactive=151,157,180
ForegroundLink=61,143,209
ForegroundNegative=156,99,122
ForegroundNeutral=151,157,180
ForegroundNormal=223,226,241
ForegroundPositive=34,162,201
ForegroundVisited=102,121,204

[Colors:Selection]
BackgroundAlternate=172,151,57
BackgroundNormal=172,151,57
DecorationFocus=172,151,57
DecorationHover=172,151,57
ForegroundActive=172,151,57
ForegroundInactive=41,50,86
ForegroundLink=61,143,209
ForegroundNegative=156,99,122
ForegroundNeutral=151,157,180
ForegroundNormal=41,50,86
ForegroundPositive=34,162,201
ForegroundVisited=102,121,204

[Colors:Tooltip]
BackgroundAlternate=32,39,70
BackgroundNormal=32,39,70
DecorationFocus=172,151,57
DecorationHover=172,151,57
ForegroundActive=172,151,57
ForegroundInactive=151,157,180
ForegroundLink=61,143,209
ForegroundNegative=156,99,122
ForegroundNeutral=151,157,180
ForegroundNormal=223,226,241
ForegroundPositive=34,162,201
ForegroundVisited=102,121,204

[Colors:View]
BackgroundAlternate=32,39,70
BackgroundNormal=32,39,70
DecorationFocus=172,151,57
DecorationHover=172,151,57
ForegroundActive=172,151,57
ForegroundInactive=151,157,180
ForegroundLink=61,143,209
ForegroundNegative=156,99,122
ForegroundNeutral=151,157,180
ForegroundNormal=223,226,241
ForegroundPositive=34,162,201
ForegroundVisited=102,121,204

[Colors:Window]
BackgroundAlternate=32,39,70
BackgroundNormal=32,39,70
DecorationFocus=172,151,57
DecorationHover=172,151,57
ForegroundActive=172,151,57
ForegroundInactive=151,157,180
ForegroundLink=61,143,209
ForegroundNegative=156,99,122
ForegroundNeutral=151,157,180
ForegroundNormal=223,226,241
ForegroundPositive=34,162,201
ForegroundVisited=102,121,204

[General]
ColorScheme=Atelier Sulphurpool Green
Name=Atelier Sulphurpool Green
shadeSortColumn=true

[KDE]
contrast=4

[WM]
activeBackground=32,39,70
activeBlend=32,39,70
activeForeground=223,226,241
inactiveBackground=32,39,70
inactiveBlend=32,39,70
inactiveForeground=151,157,180
