[ColorEffects:Disabled]
Color=56,56,56
ColorAmount=0
ColorEffect=0
ContrastAmount=0.65000000000000002
ContrastEffect=1
IntensityAmount=0.10000000000000001
IntensityEffect=2

[ColorEffects:Inactive]
ChangeSelectionColor=true
Color=112,111,110
ColorAmount=0.025000000000000001
ColorEffect=2
ContrastAmount=0.10000000000000001
ContrastEffect=2
Enable=false
IntensityAmount=0
IntensityEffect=0


[Colors:Button]
BackgroundAlternate=50,41,49
BackgroundNormal=50,41,49
DecorationFocus=143,193,62
DecorationHover=143,193,62
ForegroundActive=143,193,62
ForegroundInactive=185,181,184
ForegroundLink=18,144,191
ForegroundNegative=179,53,8
ForegroundNeutral=185,181,184
ForegroundNormal=213,211,213
ForegroundPositive=20,155,147
ForegroundVisited=200,94,124

[Colors:Selection]
BackgroundAlternate=143,193,62
BackgroundNormal=143,193,62
DecorationFocus=143,193,62
DecorationHover=143,193,62
ForegroundActive=143,193,62
ForegroundInactive=67,59,66
ForegroundLink=18,144,191
ForegroundNegative=179,53,8
ForegroundNeutral=185,181,184
ForegroundNormal=67,59,66
ForegroundPositive=20,155,147
ForegroundVisited=200,94,124

[Colors:Tooltip]
BackgroundAlternate=50,41,49
BackgroundNormal=50,41,49
DecorationFocus=143,193,62
DecorationHover=143,193,62
ForegroundActive=143,193,62
ForegroundInactive=185,181,184
ForegroundLink=18,144,191
ForegroundNegative=179,53,8
ForegroundNeutral=185,181,184
ForegroundNormal=213,211,213
ForegroundPositive=20,155,147
ForegroundVisited=200,94,124

[Colors:View]
BackgroundAlternate=50,41,49
BackgroundNormal=50,41,49
DecorationFocus=143,193,62
DecorationHover=143,193,62
ForegroundActive=143,193,62
ForegroundInactive=185,181,184
ForegroundLink=18,144,191
ForegroundNegative=179,53,8
ForegroundNeutral=185,181,184
ForegroundNormal=213,211,213
ForegroundPositive=20,155,147
ForegroundVisited=200,94,124

[Colors:Window]
BackgroundAlternate=50,41,49
BackgroundNormal=50,41,49
DecorationFocus=143,193,62
DecorationHover=143,193,62
ForegroundActive=143,193,62
ForegroundInactive=185,181,184
ForegroundLink=18,144,191
ForegroundNegative=179,53,8
ForegroundNeutral=185,181,184
ForegroundNormal=213,211,213
ForegroundPositive=20,155,147
ForegroundVisited=200,94,124

[General]
ColorScheme=Hopscotch Green
Name=Hopscotch Green
shadeSortColumn=true

[KDE]
contrast=4

[WM]
activeBackground=50,41,49
activeBlend=50,41,49
activeForeground=213,211,213
inactiveBackground=50,41,49
inactiveBlend=50,41,49
inactiveForeground=185,181,184
