[ColorEffects:Disabled]
Color=56,56,56
ColorAmount=0
ColorEffect=0
ContrastAmount=0.65000000000000002
ContrastEffect=1
IntensityAmount=0.10000000000000001
IntensityEffect=2

[ColorEffects:Inactive]
ChangeSelectionColor=true
Color=112,111,110
ColorAmount=0.025000000000000001
ColorEffect=2
ContrastAmount=0.10000000000000001
ContrastEffect=2
Enable=false
IntensityAmount=0
IntensityEffect=0


[Colors:Button]
BackgroundAlternate=29,32,33
BackgroundNormal=29,32,33
DecorationFocus=136,185,45
DecorationHover=136,185,45
ForegroundActive=136,185,45
ForegroundInactive=213,213,213
ForegroundLink=30,139,172
ForegroundNegative=200,94,13
ForegroundNeutral=213,213,213
ForegroundNormal=221,221,221
ForegroundPositive=27,165,149
ForegroundVisited=190,66,100

[Colors:Selection]
BackgroundAlternate=136,185,45
BackgroundNormal=136,185,45
DecorationFocus=136,185,45
DecorationHover=136,185,45
ForegroundActive=136,185,45
ForegroundInactive=56,60,62
ForegroundLink=30,139,172
ForegroundNegative=200,94,13
ForegroundNeutral=213,213,213
ForegroundNormal=56,60,62
ForegroundPositive=27,165,149
ForegroundVisited=190,66,100

[Colors:Tooltip]
BackgroundAlternate=29,32,33
BackgroundNormal=29,32,33
DecorationFocus=136,185,45
DecorationHover=136,185,45
ForegroundActive=136,185,45
ForegroundInactive=213,213,213
ForegroundLink=30,139,172
ForegroundNegative=200,94,13
ForegroundNeutral=213,213,213
ForegroundNormal=221,221,221
ForegroundPositive=27,165,149
ForegroundVisited=190,66,100

[Colors:View]
BackgroundAlternate=29,32,33
BackgroundNormal=29,32,33
DecorationFocus=136,185,45
DecorationHover=136,185,45
ForegroundActive=136,185,45
ForegroundInactive=213,213,213
ForegroundLink=30,139,172
ForegroundNegative=200,94,13
ForegroundNeutral=213,213,213
ForegroundNormal=221,221,221
ForegroundPositive=27,165,149
ForegroundVisited=190,66,100

[Colors:Window]
BackgroundAlternate=29,32,33
BackgroundNormal=29,32,33
DecorationFocus=136,185,45
DecorationHover=136,185,45
ForegroundActive=136,185,45
ForegroundInactive=213,213,213
ForegroundLink=30,139,172
ForegroundNegative=200,94,13
ForegroundNeutral=213,213,213
ForegroundNormal=221,221,221
ForegroundPositive=27,165,149
ForegroundVisited=190,66,100

[General]
ColorScheme=Helios Green
Name=Helios Green
shadeSortColumn=true

[KDE]
contrast=4

[WM]
activeBackground=29,32,33
activeBlend=29,32,33
activeForeground=221,221,221
inactiveBackground=29,32,33
inactiveBlend=29,32,33
inactiveForeground=213,213,213
