[ColorEffects:Disabled]
Color=56,56,56
ColorAmount=0
ColorEffect=0
ContrastAmount=0.65000000000000002
ContrastEffect=1
IntensityAmount=0.10000000000000001
IntensityEffect=2

[ColorEffects:Inactive]
ChangeSelectionColor=true
Color=112,111,110
ColorAmount=0.025000000000000001
ColorEffect=2
ContrastAmount=0.10000000000000001
ContrastEffect=2
Enable=false
IntensityAmount=0
IntensityEffect=0


[Colors:Button]
BackgroundAlternate=41,42,68
BackgroundNormal=41,42,68
DecorationFocus=109,254,223
DecorationHover=109,254,223
ForegroundActive=109,254,223
ForegroundInactive=241,239,248
ForegroundLink=45,224,167
ForegroundNegative=255,121,198
ForegroundNeutral=241,239,248
ForegroundNormal=204,204,255
ForegroundPositive=142,174,224
ForegroundVisited=122,165,255

[Colors:Selection]
BackgroundAlternate=109,254,223
BackgroundNormal=109,254,223
DecorationFocus=109,254,223
DecorationHover=109,254,223
ForegroundActive=109,254,223
ForegroundInactive=102,51,153
ForegroundLink=45,224,167
ForegroundNegative=255,121,198
ForegroundNeutral=241,239,248
ForegroundNormal=102,51,153
ForegroundPositive=142,174,224
ForegroundVisited=122,165,255

[Colors:Tooltip]
BackgroundAlternate=41,42,68
BackgroundNormal=41,42,68
DecorationFocus=109,254,223
DecorationHover=109,254,223
ForegroundActive=109,254,223
ForegroundInactive=241,239,248
ForegroundLink=45,224,167
ForegroundNegative=255,121,198
ForegroundNeutral=241,239,248
ForegroundNormal=204,204,255
ForegroundPositive=142,174,224
ForegroundVisited=122,165,255

[Colors:View]
BackgroundAlternate=41,42,68
BackgroundNormal=41,42,68
DecorationFocus=109,254,223
DecorationHover=109,254,223
ForegroundActive=109,254,223
ForegroundInactive=241,239,248
ForegroundLink=45,224,167
ForegroundNegative=255,121,198
ForegroundNeutral=241,239,248
ForegroundNormal=204,204,255
ForegroundPositive=142,174,224
ForegroundVisited=122,165,255

[Colors:Window]
BackgroundAlternate=41,42,68
BackgroundNormal=41,42,68
DecorationFocus=109,254,223
DecorationHover=109,254,223
ForegroundActive=109,254,223
ForegroundInactive=241,239,248
ForegroundLink=45,224,167
ForegroundNegative=255,121,198
ForegroundNeutral=241,239,248
ForegroundNormal=204,204,255
ForegroundPositive=142,174,224
ForegroundVisited=122,165,255

[General]
ColorScheme=Rebecca Green
Name=Rebecca Green
shadeSortColumn=true

[KDE]
contrast=4

[WM]
activeBackground=41,42,68
activeBlend=41,42,68
activeForeground=204,204,255
inactiveBackground=41,42,68
inactiveBlend=41,42,68
inactiveForeground=241,239,248
