[ColorEffects:Disabled]
Color=56,56,56
ColorAmount=0
ColorEffect=0
ContrastAmount=0.65000000000000002
ContrastEffect=1
IntensityAmount=0.10000000000000001
IntensityEffect=2

[ColorEffects:Inactive]
ChangeSelectionColor=true
Color=112,111,110
ColorAmount=0.025000000000000001
ColorEffect=2
ContrastAmount=0.10000000000000001
ContrastEffect=2
Enable=false
IntensityAmount=0
IntensityEffect=0


[Colors:Button]
BackgroundAlternate=34,34,27
BackgroundNormal=34,34,27
DecorationFocus=125,151,38
DecorationHover=125,151,38
ForegroundActive=125,151,38
ForegroundInactive=146,145,129
ForegroundLink=54,161,102
ForegroundNegative=157,108,124
ForegroundNeutral=146,145,129
ForegroundNormal=231,230,223
ForegroundPositive=91,157,72
ForegroundVisited=95,145,130

[Colors:Selection]
BackgroundAlternate=125,151,38
BackgroundNormal=125,151,38
DecorationFocus=125,151,38
DecorationHover=125,151,38
ForegroundActive=125,151,38
ForegroundInactive=48,47,39
ForegroundLink=54,161,102
ForegroundNegative=157,108,124
ForegroundNeutral=146,145,129
ForegroundNormal=48,47,39
ForegroundPositive=91,157,72
ForegroundVisited=95,145,130

[Colors:Tooltip]
BackgroundAlternate=34,34,27
BackgroundNormal=34,34,27
DecorationFocus=125,151,38
DecorationHover=125,151,38
ForegroundActive=125,151,38
ForegroundInactive=146,145,129
ForegroundLink=54,161,102
ForegroundNegative=157,108,124
ForegroundNeutral=146,145,129
ForegroundNormal=231,230,223
ForegroundPositive=91,157,72
ForegroundVisited=95,145,130

[Colors:View]
BackgroundAlternate=34,34,27
BackgroundNormal=34,34,27
DecorationFocus=125,151,38
DecorationHover=125,151,38
ForegroundActive=125,151,38
ForegroundInactive=146,145,129
ForegroundLink=54,161,102
ForegroundNegative=157,108,124
ForegroundNeutral=146,145,129
ForegroundNormal=231,230,223
ForegroundPositive=91,157,72
ForegroundVisited=95,145,130

[Colors:Window]
BackgroundAlternate=34,34,27
BackgroundNormal=34,34,27
DecorationFocus=125,151,38
DecorationHover=125,151,38
ForegroundActive=125,151,38
ForegroundInactive=146,145,129
ForegroundLink=54,161,102
ForegroundNegative=157,108,124
ForegroundNeutral=146,145,129
ForegroundNormal=231,230,223
ForegroundPositive=91,157,72
ForegroundVisited=95,145,130

[General]
ColorScheme=Atelier Estuary Green
Name=Atelier Estuary Green
shadeSortColumn=true

[KDE]
contrast=4

[WM]
activeBackground=34,34,27
activeBlend=34,34,27
activeForeground=231,230,223
inactiveBackground=34,34,27
inactiveBlend=34,34,27
inactiveForeground=146,145,129
