[ColorEffects:Disabled]
Color=56,56,56
ColorAmount=0
ColorEffect=0
ContrastAmount=0.65000000000000002
ContrastEffect=1
IntensityAmount=0.10000000000000001
IntensityEffect=2

[ColorEffects:Inactive]
ChangeSelectionColor=true
Color=112,111,110
ColorAmount=0.025000000000000001
ColorEffect=2
ContrastAmount=0.10000000000000001
ContrastEffect=2
Enable=false
IntensityAmount=0
IntensityEffect=0


[Colors:Button]
BackgroundAlternate=3,26,22
BackgroundNormal=3,26,22
DecorationFocus=150,136,62
DecorationHover=150,136,62
ForegroundActive=136,62,150
ForegroundInactive=129,181,172
ForegroundLink=150,136,62
ForegroundNegative=62,150,91
ForegroundNeutral=129,181,172
ForegroundNormal=167,206,200
ForegroundPositive=150,62,76
ForegroundVisited=76,150,62

[Colors:Selection]
BackgroundAlternate=150,136,62
BackgroundNormal=150,136,62
DecorationFocus=150,136,62
DecorationHover=150,136,62
ForegroundActive=136,62,150
ForegroundInactive=11,52,45
ForegroundLink=150,136,62
ForegroundNegative=62,150,91
ForegroundNeutral=129,181,172
ForegroundNormal=11,52,45
ForegroundPositive=150,62,76
ForegroundVisited=76,150,62

[Colors:Tooltip]
BackgroundAlternate=3,26,22
BackgroundNormal=3,26,22
DecorationFocus=150,136,62
DecorationHover=150,136,62
ForegroundActive=136,62,150
ForegroundInactive=129,181,172
ForegroundLink=150,136,62
ForegroundNegative=62,150,91
ForegroundNeutral=129,181,172
ForegroundNormal=167,206,200
ForegroundPositive=150,62,76
ForegroundVisited=76,150,62

[Colors:View]
BackgroundAlternate=3,26,22
BackgroundNormal=3,26,22
DecorationFocus=150,136,62
DecorationHover=150,136,62
ForegroundActive=136,62,150
ForegroundInactive=129,181,172
ForegroundLink=150,136,62
ForegroundNegative=62,150,91
ForegroundNeutral=129,181,172
ForegroundNormal=167,206,200
ForegroundPositive=150,62,76
ForegroundVisited=76,150,62

[Colors:Window]
BackgroundAlternate=3,26,22
BackgroundNormal=3,26,22
DecorationFocus=150,136,62
DecorationHover=150,136,62
ForegroundActive=136,62,150
ForegroundInactive=129,181,172
ForegroundLink=150,136,62
ForegroundNegative=62,150,91
ForegroundNeutral=129,181,172
ForegroundNormal=167,206,200
ForegroundPositive=150,62,76
ForegroundVisited=76,150,62

[General]
ColorScheme=Apathy Blue
Name=Apathy Blue
shadeSortColumn=true

[KDE]
contrast=4

[WM]
activeBackground=3,26,22
activeBlend=3,26,22
activeForeground=167,206,200
inactiveBackground=3,26,22
inactiveBlend=3,26,22
inactiveForeground=129,181,172
