[ColorEffects:Disabled]
Color=56,56,56
ColorAmount=0
ColorEffect=0
ContrastAmount=0.65000000000000002
ContrastEffect=1
IntensityAmount=0.10000000000000001
IntensityEffect=2

[ColorEffects:Inactive]
ChangeSelectionColor=true
Color=112,111,110
ColorAmount=0.025000000000000001
ColorEffect=2
ContrastAmount=0.10000000000000001
ContrastEffect=2
Enable=false
IntensityAmount=0
IntensityEffect=0


[Colors:Button]
BackgroundAlternate=33,33,33
BackgroundNormal=33,33,33
DecorationFocus=130,170,255
DecorationHover=130,170,255
ForegroundActive=195,232,141
ForegroundInactive=238,255,255
ForegroundLink=130,170,255
ForegroundNegative=255,83,112
ForegroundNeutral=238,255,255
ForegroundNormal=238,255,255
ForegroundPositive=137,221,255
ForegroundVisited=199,146,234

[Colors:Selection]
BackgroundAlternate=130,170,255
BackgroundNormal=130,170,255
DecorationFocus=130,170,255
DecorationHover=130,170,255
ForegroundActive=195,232,141
ForegroundInactive=48,48,48
ForegroundLink=130,170,255
ForegroundNegative=255,83,112
ForegroundNeutral=238,255,255
ForegroundNormal=48,48,48
ForegroundPositive=137,221,255
ForegroundVisited=199,146,234

[Colors:Tooltip]
BackgroundAlternate=33,33,33
BackgroundNormal=33,33,33
DecorationFocus=130,170,255
DecorationHover=130,170,255
ForegroundActive=195,232,141
ForegroundInactive=238,255,255
ForegroundLink=130,170,255
ForegroundNegative=255,83,112
ForegroundNeutral=238,255,255
ForegroundNormal=238,255,255
ForegroundPositive=137,221,255
ForegroundVisited=199,146,234

[Colors:View]
BackgroundAlternate=33,33,33
BackgroundNormal=33,33,33
DecorationFocus=130,170,255
DecorationHover=130,170,255
ForegroundActive=195,232,141
ForegroundInactive=238,255,255
ForegroundLink=130,170,255
ForegroundNegative=255,83,112
ForegroundNeutral=238,255,255
ForegroundNormal=238,255,255
ForegroundPositive=137,221,255
ForegroundVisited=199,146,234

[Colors:Window]
BackgroundAlternate=33,33,33
BackgroundNormal=33,33,33
DecorationFocus=130,170,255
DecorationHover=130,170,255
ForegroundActive=195,232,141
ForegroundInactive=238,255,255
ForegroundLink=130,170,255
ForegroundNegative=255,83,112
ForegroundNeutral=238,255,255
ForegroundNormal=238,255,255
ForegroundPositive=137,221,255
ForegroundVisited=199,146,234

[General]
ColorScheme=Material Darker Blue
Name=Material Darker Blue
shadeSortColumn=true

[KDE]
contrast=4

[WM]
activeBackground=33,33,33
activeBlend=33,33,33
activeForeground=238,255,255
inactiveBackground=33,33,33
inactiveBlend=33,33,33
inactiveForeground=238,255,255
