[ColorEffects:Disabled]
Color=56,56,56
ColorAmount=0
ColorEffect=0
ContrastAmount=0.65000000000000002
ContrastEffect=1
IntensityAmount=0.10000000000000001
IntensityEffect=2

[ColorEffects:Inactive]
ChangeSelectionColor=true
Color=112,111,110
ColorAmount=0.025000000000000001
ColorEffect=2
ContrastAmount=0.10000000000000001
ContrastEffect=2
Enable=false
IntensityAmount=0
IntensityEffect=0


[Colors:Button]
BackgroundAlternate=29,32,33
BackgroundNormal=29,32,33
DecorationFocus=13,102,120
DecorationHover=13,102,120
ForegroundActive=149,192,133
ForegroundInactive=168,153,132
ForegroundLink=13,102,120
ForegroundNegative=168,115,34
ForegroundNeutral=168,153,132
ForegroundNormal=213,196,161
ForegroundPositive=139,165,155
ForegroundVisited=143,70,115

[Colors:Selection]
BackgroundAlternate=13,102,120
BackgroundNormal=13,102,120
DecorationFocus=13,102,120
DecorationHover=13,102,120
ForegroundActive=149,192,133
ForegroundInactive=50,48,47
ForegroundLink=13,102,120
ForegroundNegative=168,115,34
ForegroundNeutral=168,153,132
ForegroundNormal=50,48,47
ForegroundPositive=139,165,155
ForegroundVisited=143,70,115

[Colors:Tooltip]
BackgroundAlternate=29,32,33
BackgroundNormal=29,32,33
DecorationFocus=13,102,120
DecorationHover=13,102,120
ForegroundActive=149,192,133
ForegroundInactive=168,153,132
ForegroundLink=13,102,120
ForegroundNegative=168,115,34
ForegroundNeutral=168,153,132
ForegroundNormal=213,196,161
ForegroundPositive=139,165,155
ForegroundVisited=143,70,115

[Colors:View]
BackgroundAlternate=29,32,33
BackgroundNormal=29,32,33
DecorationFocus=13,102,120
DecorationHover=13,102,120
ForegroundActive=149,192,133
ForegroundInactive=168,153,132
ForegroundLink=13,102,120
ForegroundNegative=168,115,34
ForegroundNeutral=168,153,132
ForegroundNormal=213,196,161
ForegroundPositive=139,165,155
ForegroundVisited=143,70,115

[Colors:Window]
BackgroundAlternate=29,32,33
BackgroundNormal=29,32,33
DecorationFocus=13,102,120
DecorationHover=13,102,120
ForegroundActive=149,192,133
ForegroundInactive=168,153,132
ForegroundLink=13,102,120
ForegroundNegative=168,115,34
ForegroundNeutral=168,153,132
ForegroundNormal=213,196,161
ForegroundPositive=139,165,155
ForegroundVisited=143,70,115

[General]
ColorScheme=Darktooth Blue
Name=Darktooth Blue
shadeSortColumn=true

[KDE]
contrast=4

[WM]
activeBackground=29,32,33
activeBlend=29,32,33
activeForeground=213,196,161
inactiveBackground=29,32,33
inactiveBlend=29,32,33
inactiveForeground=168,153,132
