[ColorEffects:Disabled]
Color=56,56,56
ColorAmount=0
ColorEffect=0
ContrastAmount=0.65000000000000002
ContrastEffect=1
IntensityAmount=0.10000000000000001
IntensityEffect=2

[ColorEffects:Inactive]
ChangeSelectionColor=true
Color=112,111,110
ColorAmount=0.025000000000000001
ColorEffect=2
ContrastAmount=0.10000000000000001
ContrastEffect=2
Enable=false
IntensityAmount=0
IntensityEffect=0


[Colors:Button]
BackgroundAlternate=21,23,24
BackgroundNormal=21,23,24
DecorationFocus=85,181,219
DecorationHover=85,181,219
ForegroundActive=159,202,86
ForegroundInactive=214,214,214
ForegroundLink=85,181,219
ForegroundNegative=138,85,63
ForegroundNeutral=214,214,214
ForegroundNormal=238,238,238
ForegroundPositive=85,219,190
ForegroundVisited=160,116,196

[Colors:Selection]
BackgroundAlternate=85,181,219
BackgroundNormal=85,181,219
DecorationFocus=85,181,219
DecorationHover=85,181,219
ForegroundActive=159,202,86
ForegroundInactive=40,42,43
ForegroundLink=85,181,219
ForegroundNegative=138,85,63
ForegroundNeutral=214,214,214
ForegroundNormal=40,42,43
ForegroundPositive=85,219,190
ForegroundVisited=160,116,196

[Colors:Tooltip]
BackgroundAlternate=21,23,24
BackgroundNormal=21,23,24
DecorationFocus=85,181,219
DecorationHover=85,181,219
ForegroundActive=159,202,86
ForegroundInactive=214,214,214
ForegroundLink=85,181,219
ForegroundNegative=138,85,63
ForegroundNeutral=214,214,214
ForegroundNormal=238,238,238
ForegroundPositive=85,219,190
ForegroundVisited=160,116,196

[Colors:View]
BackgroundAlternate=21,23,24
BackgroundNormal=21,23,24
DecorationFocus=85,181,219
DecorationHover=85,181,219
ForegroundActive=159,202,86
ForegroundInactive=214,214,214
ForegroundLink=85,181,219
ForegroundNegative=138,85,63
ForegroundNeutral=214,214,214
ForegroundNormal=238,238,238
ForegroundPositive=85,219,190
ForegroundVisited=160,116,196

[Colors:Window]
BackgroundAlternate=21,23,24
BackgroundNormal=21,23,24
DecorationFocus=85,181,219
DecorationHover=85,181,219
ForegroundActive=159,202,86
ForegroundInactive=214,214,214
ForegroundLink=85,181,219
ForegroundNegative=138,85,63
ForegroundNeutral=214,214,214
ForegroundNormal=238,238,238
ForegroundPositive=85,219,190
ForegroundVisited=160,116,196

[General]
ColorScheme=Seti UI Blue
Name=Seti UI Blue
shadeSortColumn=true

[KDE]
contrast=4

[WM]
activeBackground=21,23,24
activeBlend=21,23,24
activeForeground=238,238,238
inactiveBackground=21,23,24
inactiveBlend=21,23,24
inactiveForeground=214,214,214
