[ColorEffects:Disabled]
Color=56,56,56
ColorAmount=0
ColorEffect=0
ContrastAmount=0.65000000000000002
ContrastEffect=1
IntensityAmount=0.10000000000000001
IntensityEffect=2

[ColorEffects:Inactive]
ChangeSelectionColor=true
Color=112,111,110
ColorAmount=0.025000000000000001
ColorEffect=2
ContrastAmount=0.10000000000000001
ContrastEffect=2
Enable=false
IntensityAmount=0
IntensityEffect=0


[Colors:Button]
BackgroundAlternate=33,33,33
BackgroundNormal=33,33,33
DecorationFocus=102,217,239
DecorationHover=102,217,239
ForegroundActive=166,226,46
ForegroundInactive=205,205,205
ForegroundLink=102,217,239
ForegroundNegative=232,184,130
ForegroundNeutral=205,205,205
ForegroundNormal=229,229,229
ForegroundPositive=112,131,135
ForegroundVisited=158,111,254

[Colors:Selection]
BackgroundAlternate=102,217,239
BackgroundNormal=102,217,239
DecorationFocus=102,217,239
DecorationHover=102,217,239
ForegroundActive=166,226,46
ForegroundInactive=48,48,48
ForegroundLink=102,217,239
ForegroundNegative=232,184,130
ForegroundNeutral=205,205,205
ForegroundNormal=48,48,48
ForegroundPositive=112,131,135
ForegroundVisited=158,111,254

[Colors:Tooltip]
BackgroundAlternate=33,33,33
BackgroundNormal=33,33,33
DecorationFocus=102,217,239
DecorationHover=102,217,239
ForegroundActive=166,226,46
ForegroundInactive=205,205,205
ForegroundLink=102,217,239
ForegroundNegative=232,184,130
ForegroundNeutral=205,205,205
ForegroundNormal=229,229,229
ForegroundPositive=112,131,135
ForegroundVisited=158,111,254

[Colors:View]
BackgroundAlternate=33,33,33
BackgroundNormal=33,33,33
DecorationFocus=102,217,239
DecorationHover=102,217,239
ForegroundActive=166,226,46
ForegroundInactive=205,205,205
ForegroundLink=102,217,239
ForegroundNegative=232,184,130
ForegroundNeutral=205,205,205
ForegroundNormal=229,229,229
ForegroundPositive=112,131,135
ForegroundVisited=158,111,254

[Colors:Window]
BackgroundAlternate=33,33,33
BackgroundNormal=33,33,33
DecorationFocus=102,217,239
DecorationHover=102,217,239
ForegroundActive=166,226,46
ForegroundInactive=205,205,205
ForegroundLink=102,217,239
ForegroundNegative=232,184,130
ForegroundNeutral=205,205,205
ForegroundNormal=229,229,229
ForegroundPositive=112,131,135
ForegroundVisited=158,111,254

[General]
ColorScheme=Hardcore Blue
Name=Hardcore Blue
shadeSortColumn=true

[KDE]
contrast=4

[WM]
activeBackground=33,33,33
activeBlend=33,33,33
activeForeground=229,229,229
inactiveBackground=33,33,33
inactiveBlend=33,33,33
inactiveForeground=205,205,205
