[ColorEffects:Disabled]
Color=56,56,56
ColorAmount=0
ColorEffect=0
ContrastAmount=0.65000000000000002
ContrastEffect=1
IntensityAmount=0.10000000000000001
IntensityEffect=2

[ColorEffects:Inactive]
ChangeSelectionColor=true
Color=112,111,110
ColorAmount=0.025000000000000001
ColorEffect=2
ContrastAmount=0.10000000000000001
ContrastEffect=2
Enable=false
IntensityAmount=0
IntensityEffect=0


[Colors:Button]
BackgroundAlternate=40,40,40
BackgroundNormal=40,40,40
DecorationFocus=131,165,152
DecorationHover=131,165,152
ForegroundActive=184,187,38
ForegroundInactive=213,196,161
ForegroundLink=131,165,152
ForegroundNegative=214,93,14
ForegroundNeutral=213,196,161
ForegroundNormal=235,219,178
ForegroundPositive=142,192,124
ForegroundVisited=211,134,155

[Colors:Selection]
BackgroundAlternate=131,165,152
BackgroundNormal=131,165,152
DecorationFocus=131,165,152
DecorationHover=131,165,152
ForegroundActive=184,187,38
ForegroundInactive=60,56,54
ForegroundLink=131,165,152
ForegroundNegative=214,93,14
ForegroundNeutral=213,196,161
ForegroundNormal=60,56,54
ForegroundPositive=142,192,124
ForegroundVisited=211,134,155

[Colors:Tooltip]
BackgroundAlternate=40,40,40
BackgroundNormal=40,40,40
DecorationFocus=131,165,152
DecorationHover=131,165,152
ForegroundActive=184,187,38
ForegroundInactive=213,196,161
ForegroundLink=131,165,152
ForegroundNegative=214,93,14
ForegroundNeutral=213,196,161
ForegroundNormal=235,219,178
ForegroundPositive=142,192,124
ForegroundVisited=211,134,155

[Colors:View]
BackgroundAlternate=40,40,40
BackgroundNormal=40,40,40
DecorationFocus=131,165,152
DecorationHover=131,165,152
ForegroundActive=184,187,38
ForegroundInactive=213,196,161
ForegroundLink=131,165,152
ForegroundNegative=214,93,14
ForegroundNeutral=213,196,161
ForegroundNormal=235,219,178
ForegroundPositive=142,192,124
ForegroundVisited=211,134,155

[Colors:Window]
BackgroundAlternate=40,40,40
BackgroundNormal=40,40,40
DecorationFocus=131,165,152
DecorationHover=131,165,152
ForegroundActive=184,187,38
ForegroundInactive=213,196,161
ForegroundLink=131,165,152
ForegroundNegative=214,93,14
ForegroundNeutral=213,196,161
ForegroundNormal=235,219,178
ForegroundPositive=142,192,124
ForegroundVisited=211,134,155

[General]
ColorScheme=Gruvbox dark, medium Blue
Name=Gruvbox dark, medium Blue
shadeSortColumn=true

[KDE]
contrast=4

[WM]
activeBackground=40,40,40
activeBlend=40,40,40
activeForeground=235,219,178
inactiveBackground=40,40,40
inactiveBlend=40,40,40
inactiveForeground=213,196,161
