[ColorEffects:Disabled]
Color=56,56,56
ColorAmount=0
ColorEffect=0
ContrastAmount=0.65000000000000002
ContrastEffect=1
IntensityAmount=0.10000000000000001
IntensityEffect=2

[ColorEffects:Inactive]
ChangeSelectionColor=true
Color=112,111,110
ColorAmount=0.025000000000000001
ColorEffect=2
ContrastAmount=0.10000000000000001
ContrastEffect=2
Enable=false
IntensityAmount=0
IntensityEffect=0


[Colors:Button]
BackgroundAlternate=72,88,103
BackgroundNormal=72,88,103
DecorationFocus=134,140,179
DecorationHover=134,140,179
ForegroundActive=135,179,134
ForegroundInactive=176,197,200
ForegroundLink=134,140,179
ForegroundNegative=179,159,159
ForegroundNeutral=176,197,200
ForegroundNormal=201,219,220
ForegroundPositive=134,179,179
ForegroundVisited=179,134,178

[Colors:Selection]
BackgroundAlternate=134,140,179
BackgroundNormal=134,140,179
DecorationFocus=134,140,179
DecorationHover=134,140,179
ForegroundActive=135,179,134
ForegroundInactive=90,109,122
ForegroundLink=134,140,179
ForegroundNegative=179,159,159
ForegroundNeutral=176,197,200
ForegroundNormal=90,109,122
ForegroundPositive=134,179,179
ForegroundVisited=179,134,178

[Colors:Tooltip]
BackgroundAlternate=72,88,103
BackgroundNormal=72,88,103
DecorationFocus=134,140,179
DecorationHover=134,140,179
ForegroundActive=135,179,134
ForegroundInactive=176,197,200
ForegroundLink=134,140,179
ForegroundNegative=179,159,159
ForegroundNeutral=176,197,200
ForegroundNormal=201,219,220
ForegroundPositive=134,179,179
ForegroundVisited=179,134,178

[Colors:View]
BackgroundAlternate=72,88,103
BackgroundNormal=72,88,103
DecorationFocus=134,140,179
DecorationHover=134,140,179
ForegroundActive=135,179,134
ForegroundInactive=176,197,200
ForegroundLink=134,140,179
ForegroundNegative=179,159,159
ForegroundNeutral=176,197,200
ForegroundNormal=201,219,220
ForegroundPositive=134,179,179
ForegroundVisited=179,134,178

[Colors:Window]
BackgroundAlternate=72,88,103
BackgroundNormal=72,88,103
DecorationFocus=134,140,179
DecorationHover=134,140,179
ForegroundActive=135,179,134
ForegroundInactive=176,197,200
ForegroundLink=134,140,179
ForegroundNegative=179,159,159
ForegroundNeutral=176,197,200
ForegroundNormal=201,219,220
ForegroundPositive=134,179,179
ForegroundVisited=179,134,178

[General]
ColorScheme=Brush Trees Dark Blue
Name=Brush Trees Dark Blue
shadeSortColumn=true

[KDE]
contrast=4

[WM]
activeBackground=72,88,103
activeBlend=72,88,103
activeForeground=201,219,220
inactiveBackground=72,88,103
inactiveBlend=72,88,103
inactiveForeground=176,197,200
