[ColorEffects:Disabled]
Color=56,56,56
ColorAmount=0
ColorEffect=0
ContrastAmount=0.65000000000000002
ContrastEffect=1
IntensityAmount=0.10000000000000001
IntensityEffect=2

[ColorEffects:Inactive]
ChangeSelectionColor=true
Color=112,111,110
ColorAmount=0.025000000000000001
ColorEffect=2
ContrastAmount=0.10000000000000001
ContrastEffect=2
Enable=false
IntensityAmount=0
IntensityEffect=0


[Colors:Button]
BackgroundAlternate=44,62,80
BackgroundNormal=44,62,80
DecorationFocus=52,152,219
DecorationHover=52,152,219
ForegroundActive=46,204,113
ForegroundInactive=224,224,224
ForegroundLink=52,152,219
ForegroundNegative=190,100,60
ForegroundNeutral=224,224,224
ForegroundNormal=245,245,245
ForegroundPositive=26,188,156
ForegroundVisited=155,89,182

[Colors:Selection]
BackgroundAlternate=52,152,219
BackgroundNormal=52,152,219
DecorationFocus=52,152,219
DecorationHover=52,152,219
ForegroundActive=46,204,113
ForegroundInactive=52,73,94
ForegroundLink=52,152,219
ForegroundNegative=190,100,60
ForegroundNeutral=224,224,224
ForegroundNormal=52,73,94
ForegroundPositive=26,188,156
ForegroundVisited=155,89,182

[Colors:Tooltip]
BackgroundAlternate=44,62,80
BackgroundNormal=44,62,80
DecorationFocus=52,152,219
DecorationHover=52,152,219
ForegroundActive=46,204,113
ForegroundInactive=224,224,224
ForegroundLink=52,152,219
ForegroundNegative=190,100,60
ForegroundNeutral=224,224,224
ForegroundNormal=245,245,245
ForegroundPositive=26,188,156
ForegroundVisited=155,89,182

[Colors:View]
BackgroundAlternate=44,62,80
BackgroundNormal=44,62,80
DecorationFocus=52,152,219
DecorationHover=52,152,219
ForegroundActive=46,204,113
ForegroundInactive=224,224,224
ForegroundLink=52,152,219
ForegroundNegative=190,100,60
ForegroundNeutral=224,224,224
ForegroundNormal=245,245,245
ForegroundPositive=26,188,156
ForegroundVisited=155,89,182

[Colors:Window]
BackgroundAlternate=44,62,80
BackgroundNormal=44,62,80
DecorationFocus=52,152,219
DecorationHover=52,152,219
ForegroundActive=46,204,113
ForegroundInactive=224,224,224
ForegroundLink=52,152,219
ForegroundNegative=190,100,60
ForegroundNeutral=224,224,224
ForegroundNormal=245,245,245
ForegroundPositive=26,188,156
ForegroundVisited=155,89,182

[General]
ColorScheme=Flat Blue
Name=Flat Blue
shadeSortColumn=true

[KDE]
contrast=4

[WM]
activeBackground=44,62,80
activeBlend=44,62,80
activeForeground=245,245,245
inactiveBackground=44,62,80
inactiveBlend=44,62,80
inactiveForeground=224,224,224
