[ColorEffects:Disabled]
Color=56,56,56
ColorAmount=0
ColorEffect=0
ContrastAmount=0.65000000000000002
ContrastEffect=1
IntensityAmount=0.10000000000000001
IntensityEffect=2

[ColorEffects:Inactive]
ChangeSelectionColor=true
Color=112,111,110
ColorAmount=0.025000000000000001
ColorEffect=2
ContrastAmount=0.10000000000000001
ContrastEffect=2
Enable=false
IntensityAmount=0
IntensityEffect=0


[Colors:Button]
BackgroundAlternate=250,250,250
BackgroundNormal=250,250,250
DecorationFocus=101,135,191
DecorationHover=101,135,191
ForegroundActive=124,159,75
ForegroundInactive=94,100,111
ForegroundLink=101,135,191
ForegroundNegative=80,156,147
ForegroundNeutral=94,100,111
ForegroundNormal=184,112,206
ForegroundPositive=80,156,147
ForegroundVisited=184,112,206

[Colors:Selection]
BackgroundAlternate=101,135,191
BackgroundNormal=101,135,191
DecorationFocus=101,135,191
DecorationHover=101,135,191
ForegroundActive=124,159,75
ForegroundInactive=124,159,75
ForegroundLink=101,135,191
ForegroundNegative=80,156,147
ForegroundNeutral=94,100,111
ForegroundNormal=124,159,75
ForegroundPositive=80,156,147
ForegroundVisited=184,112,206

[Colors:Tooltip]
BackgroundAlternate=250,250,250
BackgroundNormal=250,250,250
DecorationFocus=101,135,191
DecorationHover=101,135,191
ForegroundActive=124,159,75
ForegroundInactive=94,100,111
ForegroundLink=101,135,191
ForegroundNegative=80,156,147
ForegroundNeutral=94,100,111
ForegroundNormal=184,112,206
ForegroundPositive=80,156,147
ForegroundVisited=184,112,206

[Colors:View]
BackgroundAlternate=250,250,250
BackgroundNormal=250,250,250
DecorationFocus=101,135,191
DecorationHover=101,135,191
ForegroundActive=124,159,75
ForegroundInactive=94,100,111
ForegroundLink=101,135,191
ForegroundNegative=80,156,147
ForegroundNeutral=94,100,111
ForegroundNormal=184,112,206
ForegroundPositive=80,156,147
ForegroundVisited=184,112,206

[Colors:Window]
BackgroundAlternate=250,250,250
BackgroundNormal=250,250,250
DecorationFocus=101,135,191
DecorationHover=101,135,191
ForegroundActive=124,159,75
ForegroundInactive=94,100,111
ForegroundLink=101,135,191
ForegroundNegative=80,156,147
ForegroundNeutral=94,100,111
ForegroundNormal=184,112,206
ForegroundPositive=80,156,147
ForegroundVisited=184,112,206

[General]
ColorScheme=Edge Light Blue
Name=Edge Light Blue
shadeSortColumn=true

[KDE]
contrast=4

[WM]
activeBackground=250,250,250
activeBlend=250,250,250
activeForeground=184,112,206
inactiveBackground=250,250,250
inactiveBlend=250,250,250
inactiveForeground=94,100,111
