[ColorEffects:Disabled]
Color=56,56,56
ColorAmount=0
ColorEffect=0
ContrastAmount=0.65000000000000002
ContrastEffect=1
IntensityAmount=0.10000000000000001
IntensityEffect=2

[ColorEffects:Inactive]
ChangeSelectionColor=true
Color=112,111,110
ColorAmount=0.025000000000000001
ColorEffect=2
ContrastAmount=0.10000000000000001
ContrastEffect=2
Enable=false
IntensityAmount=0
IntensityEffect=0


[Colors:Button]
BackgroundAlternate=28,30,38
BackgroundNormal=28,30,38
DecorationFocus=38,187,217
DecorationHover=38,187,217
ForegroundActive=41,211,152
ForegroundInactive=203,206,208
ForegroundLink=38,187,217
ForegroundNegative=240,147,131
ForegroundNeutral=203,206,208
ForegroundNormal=220,223,228
ForegroundPositive=89,225,227
ForegroundVisited=238,100,172

[Colors:Selection]
BackgroundAlternate=38,187,217
BackgroundNormal=38,187,217
DecorationFocus=38,187,217
DecorationHover=38,187,217
ForegroundActive=41,211,152
ForegroundInactive=35,37,48
ForegroundLink=38,187,217
ForegroundNegative=240,147,131
ForegroundNeutral=203,206,208
ForegroundNormal=35,37,48
ForegroundPositive=89,225,227
ForegroundVisited=238,100,172

[Colors:Tooltip]
BackgroundAlternate=28,30,38
BackgroundNormal=28,30,38
DecorationFocus=38,187,217
DecorationHover=38,187,217
ForegroundActive=41,211,152
ForegroundInactive=203,206,208
ForegroundLink=38,187,217
ForegroundNegative=240,147,131
ForegroundNeutral=203,206,208
ForegroundNormal=220,223,228
ForegroundPositive=89,225,227
ForegroundVisited=238,100,172

[Colors:View]
BackgroundAlternate=28,30,38
BackgroundNormal=28,30,38
DecorationFocus=38,187,217
DecorationHover=38,187,217
ForegroundActive=41,211,152
ForegroundInactive=203,206,208
ForegroundLink=38,187,217
ForegroundNegative=240,147,131
ForegroundNeutral=203,206,208
ForegroundNormal=220,223,228
ForegroundPositive=89,225,227
ForegroundVisited=238,100,172

[Colors:Window]
BackgroundAlternate=28,30,38
BackgroundNormal=28,30,38
DecorationFocus=38,187,217
DecorationHover=38,187,217
ForegroundActive=41,211,152
ForegroundInactive=203,206,208
ForegroundLink=38,187,217
ForegroundNegative=240,147,131
ForegroundNeutral=203,206,208
ForegroundNormal=220,223,228
ForegroundPositive=89,225,227
ForegroundVisited=238,100,172

[General]
ColorScheme=Horizon Dark Blue
Name=Horizon Dark Blue
shadeSortColumn=true

[KDE]
contrast=4

[WM]
activeBackground=28,30,38
activeBlend=28,30,38
activeForeground=220,223,228
inactiveBackground=28,30,38
inactiveBlend=28,30,38
inactiveForeground=203,206,208
