[ColorEffects:Disabled]
Color=56,56,56
ColorAmount=0
ColorEffect=0
ContrastAmount=0.65000000000000002
ContrastEffect=1
IntensityAmount=0.10000000000000001
IntensityEffect=2

[ColorEffects:Inactive]
ChangeSelectionColor=true
Color=112,111,110
ColorAmount=0.025000000000000001
ColorEffect=2
ContrastAmount=0.10000000000000001
ContrastEffect=2
Enable=false
IntensityAmount=0
IntensityEffect=0


[Colors:Button]
BackgroundAlternate=241,239,238
BackgroundNormal=241,239,238
DecorationFocus=64,126,231
DecorationHover=64,126,231
ForegroundActive=123,151,38
ForegroundInactive=104,97,94
ForegroundLink=64,126,231
ForegroundNegative=195,63,243
ForegroundNeutral=104,97,94
ForegroundNormal=44,36,33
ForegroundPositive=61,151,184
ForegroundVisited=102,102,234

[Colors:Selection]
BackgroundAlternate=64,126,231
BackgroundNormal=64,126,231
DecorationFocus=64,126,231
DecorationHover=64,126,231
ForegroundActive=123,151,38
ForegroundInactive=230,226,224
ForegroundLink=64,126,231
ForegroundNegative=195,63,243
ForegroundNeutral=104,97,94
ForegroundNormal=230,226,224
ForegroundPositive=61,151,184
ForegroundVisited=102,102,234

[Colors:Tooltip]
BackgroundAlternate=241,239,238
BackgroundNormal=241,239,238
DecorationFocus=64,126,231
DecorationHover=64,126,231
ForegroundActive=123,151,38
ForegroundInactive=104,97,94
ForegroundLink=64,126,231
ForegroundNegative=195,63,243
ForegroundNeutral=104,97,94
ForegroundNormal=44,36,33
ForegroundPositive=61,151,184
ForegroundVisited=102,102,234

[Colors:View]
BackgroundAlternate=241,239,238
BackgroundNormal=241,239,238
DecorationFocus=64,126,231
DecorationHover=64,126,231
ForegroundActive=123,151,38
ForegroundInactive=104,97,94
ForegroundLink=64,126,231
ForegroundNegative=195,63,243
ForegroundNeutral=104,97,94
ForegroundNormal=44,36,33
ForegroundPositive=61,151,184
ForegroundVisited=102,102,234

[Colors:Window]
BackgroundAlternate=241,239,238
BackgroundNormal=241,239,238
DecorationFocus=64,126,231
DecorationHover=64,126,231
ForegroundActive=123,151,38
ForegroundInactive=104,97,94
ForegroundLink=64,126,231
ForegroundNegative=195,63,243
ForegroundNeutral=104,97,94
ForegroundNormal=44,36,33
ForegroundPositive=61,151,184
ForegroundVisited=102,102,234

[General]
ColorScheme=Atelier Forest Light Blue
Name=Atelier Forest Light Blue
shadeSortColumn=true

[KDE]
contrast=4

[WM]
activeBackground=241,239,238
activeBlend=241,239,238
activeForeground=44,36,33
inactiveBackground=241,239,238
inactiveBlend=241,239,238
inactiveForeground=104,97,94
