[ColorEffects:Disabled]
Color=56,56,56
ColorAmount=0
ColorEffect=0
ContrastAmount=0.65000000000000002
ContrastEffect=1
IntensityAmount=0.10000000000000001
IntensityEffect=2

[ColorEffects:Inactive]
ChangeSelectionColor=true
Color=112,111,110
ColorAmount=0.025000000000000001
ColorEffect=2
ContrastAmount=0.10000000000000001
ContrastEffect=2
Enable=false
IntensityAmount=0
IntensityEffect=0


[Colors:Button]
BackgroundAlternate=247,249,251
BackgroundNormal=247,249,251
DecorationFocus=139,86,191
DecorationHover=139,86,191
ForegroundActive=86,191,139
ForegroundInactive=64,92,121
ForegroundLink=139,86,191
ForegroundNegative=191,86,86
ForegroundNeutral=64,92,121
ForegroundNormal=34,59,84
ForegroundPositive=86,139,191
ForegroundVisited=191,86,139

[Colors:Selection]
BackgroundAlternate=139,86,191
BackgroundNormal=139,86,191
DecorationFocus=139,86,191
DecorationHover=139,86,191
ForegroundActive=86,191,139
ForegroundInactive=229,235,241
ForegroundLink=139,86,191
ForegroundNegative=191,86,86
ForegroundNeutral=64,92,121
ForegroundNormal=229,235,241
ForegroundPositive=86,139,191
ForegroundVisited=191,86,139

[Colors:Tooltip]
BackgroundAlternate=247,249,251
BackgroundNormal=247,249,251
DecorationFocus=139,86,191
DecorationHover=139,86,191
ForegroundActive=86,191,139
ForegroundInactive=64,92,121
ForegroundLink=139,86,191
ForegroundNegative=191,86,86
ForegroundNeutral=64,92,121
ForegroundNormal=34,59,84
ForegroundPositive=86,139,191
ForegroundVisited=191,86,139

[Colors:View]
BackgroundAlternate=247,249,251
BackgroundNormal=247,249,251
DecorationFocus=139,86,191
DecorationHover=139,86,191
ForegroundActive=86,191,139
ForegroundInactive=64,92,121
ForegroundLink=139,86,191
ForegroundNegative=191,86,86
ForegroundNeutral=64,92,121
ForegroundNormal=34,59,84
ForegroundPositive=86,139,191
ForegroundVisited=191,86,139

[Colors:Window]
BackgroundAlternate=247,249,251
BackgroundNormal=247,249,251
DecorationFocus=139,86,191
DecorationHover=139,86,191
ForegroundActive=86,191,139
ForegroundInactive=64,92,121
ForegroundLink=139,86,191
ForegroundNegative=191,86,86
ForegroundNeutral=64,92,121
ForegroundNormal=34,59,84
ForegroundPositive=86,139,191
ForegroundVisited=191,86,139

[General]
ColorScheme=Harmonic16 Light Blue
Name=Harmonic16 Light Blue
shadeSortColumn=true

[KDE]
contrast=4

[WM]
activeBackground=247,249,251
activeBlend=247,249,251
activeForeground=34,59,84
inactiveBackground=247,249,251
inactiveBlend=247,249,251
inactiveForeground=64,92,121
