[ColorEffects:Disabled]
Color=56,56,56
ColorAmount=0
ColorEffect=0
ContrastAmount=0.65000000000000002
ContrastEffect=1
IntensityAmount=0.10000000000000001
IntensityEffect=2

[ColorEffects:Inactive]
ChangeSelectionColor=true
Color=112,111,110
ColorAmount=0.025000000000000001
ColorEffect=2
ContrastAmount=0.10000000000000001
ContrastEffect=2
Enable=false
IntensityAmount=0
IntensityEffect=0


[Colors:Button]
BackgroundAlternate=247,243,247
BackgroundNormal=247,243,247
DecorationFocus=81,106,236
DecorationHover=81,106,236
ForegroundActive=145,139,59
ForegroundInactive=105,93,105
ForegroundLink=81,106,236
ForegroundNegative=204,51,204
ForegroundNeutral=105,93,105
ForegroundNormal=41,35,41
ForegroundPositive=21,147,147
ForegroundVisited=123,89,192

[Colors:Selection]
BackgroundAlternate=81,106,236
BackgroundNormal=81,106,236
DecorationFocus=81,106,236
DecorationHover=81,106,236
ForegroundActive=145,139,59
ForegroundInactive=216,202,216
ForegroundLink=81,106,236
ForegroundNegative=204,51,204
ForegroundNeutral=105,93,105
ForegroundNormal=216,202,216
ForegroundPositive=21,147,147
ForegroundVisited=123,89,192

[Colors:Tooltip]
BackgroundAlternate=247,243,247
BackgroundNormal=247,243,247
DecorationFocus=81,106,236
DecorationHover=81,106,236
ForegroundActive=145,139,59
ForegroundInactive=105,93,105
ForegroundLink=81,106,236
ForegroundNegative=204,51,204
ForegroundNeutral=105,93,105
ForegroundNormal=41,35,41
ForegroundPositive=21,147,147
ForegroundVisited=123,89,192

[Colors:View]
BackgroundAlternate=247,243,247
BackgroundNormal=247,243,247
DecorationFocus=81,106,236
DecorationHover=81,106,236
ForegroundActive=145,139,59
ForegroundInactive=105,93,105
ForegroundLink=81,106,236
ForegroundNegative=204,51,204
ForegroundNeutral=105,93,105
ForegroundNormal=41,35,41
ForegroundPositive=21,147,147
ForegroundVisited=123,89,192

[Colors:Window]
BackgroundAlternate=247,243,247
BackgroundNormal=247,243,247
DecorationFocus=81,106,236
DecorationHover=81,106,236
ForegroundActive=145,139,59
ForegroundInactive=105,93,105
ForegroundLink=81,106,236
ForegroundNegative=204,51,204
ForegroundNeutral=105,93,105
ForegroundNormal=41,35,41
ForegroundPositive=21,147,147
ForegroundVisited=123,89,192

[General]
ColorScheme=Atelier Heath Light Blue
Name=Atelier Heath Light Blue
shadeSortColumn=true

[KDE]
contrast=4

[WM]
activeBackground=247,243,247
activeBlend=247,243,247
activeForeground=41,35,41
inactiveBackground=247,243,247
inactiveBlend=247,243,247
inactiveForeground=105,93,105
