[ColorEffects:Disabled]
Color=56,56,56
ColorAmount=0
ColorEffect=0
ContrastAmount=0.65000000000000002
ContrastEffect=1
IntensityAmount=0.10000000000000001
IntensityEffect=2

[ColorEffects:Inactive]
ChangeSelectionColor=true
Color=112,111,110
ColorAmount=0.025000000000000001
ColorEffect=2
ContrastAmount=0.10000000000000001
ContrastEffect=2
Enable=false
IntensityAmount=0
IntensityEffect=0


[Colors:Button]
BackgroundAlternate=236,244,238
BackgroundNormal=236,244,238
DecorationFocus=71,140,144
DecorationHover=71,140,144
ForegroundActive=72,153,99
ForegroundInactive=82,96,87
ForegroundLink=71,140,144
ForegroundNegative=134,116,105
ForegroundNeutral=82,96,87
ForegroundNormal=35,42,37
ForegroundPositive=28,154,160
ForegroundVisited=85,133,155

[Colors:Selection]
BackgroundAlternate=71,140,144
BackgroundNormal=71,140,144
DecorationFocus=71,140,144
DecorationHover=71,140,144
ForegroundActive=72,153,99
ForegroundInactive=223,231,226
ForegroundLink=71,140,144
ForegroundNegative=134,116,105
ForegroundNeutral=82,96,87
ForegroundNormal=223,231,226
ForegroundPositive=28,154,160
ForegroundVisited=85,133,155

[Colors:Tooltip]
BackgroundAlternate=236,244,238
BackgroundNormal=236,244,238
DecorationFocus=71,140,144
DecorationHover=71,140,144
ForegroundActive=72,153,99
ForegroundInactive=82,96,87
ForegroundLink=71,140,144
ForegroundNegative=134,116,105
ForegroundNeutral=82,96,87
ForegroundNormal=35,42,37
ForegroundPositive=28,154,160
ForegroundVisited=85,133,155

[Colors:View]
BackgroundAlternate=236,244,238
BackgroundNormal=236,244,238
DecorationFocus=71,140,144
DecorationHover=71,140,144
ForegroundActive=72,153,99
ForegroundInactive=82,96,87
ForegroundLink=71,140,144
ForegroundNegative=134,116,105
ForegroundNeutral=82,96,87
ForegroundNormal=35,42,37
ForegroundPositive=28,154,160
ForegroundVisited=85,133,155

[Colors:Window]
BackgroundAlternate=236,244,238
BackgroundNormal=236,244,238
DecorationFocus=71,140,144
DecorationHover=71,140,144
ForegroundActive=72,153,99
ForegroundInactive=82,96,87
ForegroundLink=71,140,144
ForegroundNegative=134,116,105
ForegroundNeutral=82,96,87
ForegroundNormal=35,42,37
ForegroundPositive=28,154,160
ForegroundVisited=85,133,155

[General]
ColorScheme=Atelier Savanna Light Blue
Name=Atelier Savanna Light Blue
shadeSortColumn=true

[KDE]
contrast=4

[WM]
activeBackground=236,244,238
activeBlend=236,244,238
activeForeground=35,42,37
inactiveBackground=236,244,238
inactiveBlend=236,244,238
inactiveForeground=82,96,87
