[ColorEffects:Disabled]
Color=56,56,56
ColorAmount=0
ColorEffect=0
ContrastAmount=0.65000000000000002
ContrastEffect=1
IntensityAmount=0.10000000000000001
IntensityEffect=2

[ColorEffects:Inactive]
ChangeSelectionColor=true
Color=112,111,110
ColorAmount=0.025000000000000001
ColorEffect=2
ContrastAmount=0.10000000000000001
ContrastEffect=2
Enable=false
IntensityAmount=0
IntensityEffect=0


[Colors:Button]
BackgroundAlternate=254,255,255
BackgroundNormal=254,255,255
DecorationFocus=71,249,245
DecorationHover=71,249,245
ForegroundActive=248,0,89
ForegroundInactive=90,73,110
ForegroundLink=71,249,245
ForegroundNegative=222,218,226
ForegroundNeutral=90,73,110
ForegroundNormal=71,5,70
ForegroundPositive=195,54,120
ForegroundVisited=189,1,82

[Colors:Selection]
BackgroundAlternate=71,249,245
BackgroundNormal=71,249,245
DecorationFocus=71,249,245
DecorationHover=71,249,245
ForegroundActive=248,0,89
ForegroundInactive=57,37,81
ForegroundLink=71,249,245
ForegroundNegative=222,218,226
ForegroundNeutral=90,73,110
ForegroundNormal=57,37,81
ForegroundPositive=195,54,120
ForegroundVisited=189,1,82

[Colors:Tooltip]
BackgroundAlternate=254,255,255
BackgroundNormal=254,255,255
DecorationFocus=71,249,245
DecorationHover=71,249,245
ForegroundActive=248,0,89
ForegroundInactive=90,73,110
ForegroundLink=71,249,245
ForegroundNegative=222,218,226
ForegroundNeutral=90,73,110
ForegroundNormal=71,5,70
ForegroundPositive=195,54,120
ForegroundVisited=189,1,82

[Colors:View]
BackgroundAlternate=254,255,255
BackgroundNormal=254,255,255
DecorationFocus=71,249,245
DecorationHover=71,249,245
ForegroundActive=248,0,89
ForegroundInactive=90,73,110
ForegroundLink=71,249,245
ForegroundNegative=222,218,226
ForegroundNeutral=90,73,110
ForegroundNormal=71,5,70
ForegroundPositive=195,54,120
ForegroundVisited=189,1,82

[Colors:Window]
BackgroundAlternate=254,255,255
BackgroundNormal=254,255,255
DecorationFocus=71,249,245
DecorationHover=71,249,245
ForegroundActive=248,0,89
ForegroundInactive=90,73,110
ForegroundLink=71,249,245
ForegroundNegative=222,218,226
ForegroundNeutral=90,73,110
ForegroundNormal=71,5,70
ForegroundPositive=195,54,120
ForegroundVisited=189,1,82

[General]
ColorScheme=Heetch Light Blue
Name=Heetch Light Blue
shadeSortColumn=true

[KDE]
contrast=4

[WM]
activeBackground=254,255,255
activeBlend=254,255,255
activeForeground=71,5,70
inactiveBackground=254,255,255
inactiveBlend=254,255,255
inactiveForeground=90,73,110
