[ColorEffects:Disabled]
Color=56,56,56
ColorAmount=0
ColorEffect=0
ContrastAmount=0.65000000000000002
ContrastEffect=1
IntensityAmount=0.10000000000000001
IntensityEffect=2

[ColorEffects:Inactive]
ChangeSelectionColor=true
Color=112,111,110
ColorAmount=0.025000000000000001
ColorEffect=2
ContrastAmount=0.10000000000000001
ContrastEffect=2
Enable=false
IntensityAmount=0
IntensityEffect=0


[Colors:Button]
BackgroundAlternate=25,25,25
BackgroundNormal=25,25,25
DecorationFocus=99,158,228
DecorationHover=99,158,228
ForegroundActive=132,185,124
ForegroundInactive=167,167,167
ForegroundLink=99,158,228
ForegroundNegative=184,136,226
ForegroundNeutral=167,167,167
ForegroundNormal=128,128,128
ForegroundPositive=75,177,167
ForegroundVisited=184,136,226

[Colors:Selection]
BackgroundAlternate=99,158,228
BackgroundNormal=99,158,228
DecorationFocus=99,158,228
DecorationHover=99,158,228
ForegroundActive=132,185,124
ForegroundInactive=32,32,32
ForegroundLink=99,158,228
ForegroundNegative=184,136,226
ForegroundNeutral=167,167,167
ForegroundNormal=32,32,32
ForegroundPositive=75,177,167
ForegroundVisited=184,136,226

[Colors:Tooltip]
BackgroundAlternate=25,25,25
BackgroundNormal=25,25,25
DecorationFocus=99,158,228
DecorationHover=99,158,228
ForegroundActive=132,185,124
ForegroundInactive=167,167,167
ForegroundLink=99,158,228
ForegroundNegative=184,136,226
ForegroundNeutral=167,167,167
ForegroundNormal=128,128,128
ForegroundPositive=75,177,167
ForegroundVisited=184,136,226

[Colors:View]
BackgroundAlternate=25,25,25
BackgroundNormal=25,25,25
DecorationFocus=99,158,228
DecorationHover=99,158,228
ForegroundActive=132,185,124
ForegroundInactive=167,167,167
ForegroundLink=99,158,228
ForegroundNegative=184,136,226
ForegroundNeutral=167,167,167
ForegroundNormal=128,128,128
ForegroundPositive=75,177,167
ForegroundVisited=184,136,226

[Colors:Window]
BackgroundAlternate=25,25,25
BackgroundNormal=25,25,25
DecorationFocus=99,158,228
DecorationHover=99,158,228
ForegroundActive=132,185,124
ForegroundInactive=167,167,167
ForegroundLink=99,158,228
ForegroundNegative=184,136,226
ForegroundNeutral=167,167,167
ForegroundNormal=128,128,128
ForegroundPositive=75,177,167
ForegroundVisited=184,136,226

[General]
ColorScheme=Circus Blue
Name=Circus Blue
shadeSortColumn=true

[KDE]
contrast=4

[WM]
activeBackground=25,25,25
activeBlend=25,25,25
activeForeground=128,128,128
inactiveBackground=25,25,25
inactiveBlend=25,25,25
inactiveForeground=167,167,167
