[ColorEffects:Disabled]
Color=56,56,56
ColorAmount=0
ColorEffect=0
ContrastAmount=0.65000000000000002
ContrastEffect=1
IntensityAmount=0.10000000000000001
IntensityEffect=2

[ColorEffects:Inactive]
ChangeSelectionColor=true
Color=112,111,110
ColorAmount=0.025000000000000001
ColorEffect=2
ContrastAmount=0.10000000000000001
ContrastEffect=2
Enable=false
IntensityAmount=0
IntensityEffect=0


[Colors:Button]
BackgroundAlternate=250,250,250
BackgroundNormal=250,250,250
DecorationFocus=97,130,184
DecorationHover=97,130,184
ForegroundActive=145,184,89
ForegroundInactive=128,203,196
ForegroundLink=97,130,184
ForegroundNegative=229,57,53
ForegroundNeutral=128,203,196
ForegroundNormal=128,203,196
ForegroundPositive=57,173,181
ForegroundVisited=124,77,255

[Colors:Selection]
BackgroundAlternate=97,130,184
BackgroundNormal=97,130,184
DecorationFocus=97,130,184
DecorationHover=97,130,184
ForegroundActive=145,184,89
ForegroundInactive=231,234,236
ForegroundLink=97,130,184
ForegroundNegative=229,57,53
ForegroundNeutral=128,203,196
ForegroundNormal=231,234,236
ForegroundPositive=57,173,181
ForegroundVisited=124,77,255

[Colors:Tooltip]
BackgroundAlternate=250,250,250
BackgroundNormal=250,250,250
DecorationFocus=97,130,184
DecorationHover=97,130,184
ForegroundActive=145,184,89
ForegroundInactive=128,203,196
ForegroundLink=97,130,184
ForegroundNegative=229,57,53
ForegroundNeutral=128,203,196
ForegroundNormal=128,203,196
ForegroundPositive=57,173,181
ForegroundVisited=124,77,255

[Colors:View]
BackgroundAlternate=250,250,250
BackgroundNormal=250,250,250
DecorationFocus=97,130,184
DecorationHover=97,130,184
ForegroundActive=145,184,89
ForegroundInactive=128,203,196
ForegroundLink=97,130,184
ForegroundNegative=229,57,53
ForegroundNeutral=128,203,196
ForegroundNormal=128,203,196
ForegroundPositive=57,173,181
ForegroundVisited=124,77,255

[Colors:Window]
BackgroundAlternate=250,250,250
BackgroundNormal=250,250,250
DecorationFocus=97,130,184
DecorationHover=97,130,184
ForegroundActive=145,184,89
ForegroundInactive=128,203,196
ForegroundLink=97,130,184
ForegroundNegative=229,57,53
ForegroundNeutral=128,203,196
ForegroundNormal=128,203,196
ForegroundPositive=57,173,181
ForegroundVisited=124,77,255

[General]
ColorScheme=Material Lighter Blue
Name=Material Lighter Blue
shadeSortColumn=true

[KDE]
contrast=4

[WM]
activeBackground=250,250,250
activeBlend=250,250,250
activeForeground=128,203,196
inactiveBackground=250,250,250
inactiveBlend=250,250,250
inactiveForeground=128,203,196
