[ColorEffects:Disabled]
Color=56,56,56
ColorAmount=0
ColorEffect=0
ContrastAmount=0.65000000000000002
ContrastEffect=1
IntensityAmount=0.10000000000000001
IntensityEffect=2

[ColorEffects:Inactive]
ChangeSelectionColor=true
Color=112,111,110
ColorAmount=0.025000000000000001
ColorEffect=2
ContrastAmount=0.10000000000000001
ContrastEffect=2
Enable=false
IntensityAmount=0
IntensityEffect=0


[Colors:Button]
BackgroundAlternate=35,31,32
BackgroundNormal=35,31,32
DecorationFocus=0,157,220
DecorationHover=0,157,220
ForegroundActive=0,133,62
ForegroundInactive=217,216,216
ForegroundLink=0,157,220
ForegroundNegative=176,97,16
ForegroundNeutral=217,216,216
ForegroundNormal=231,231,232
ForegroundPositive=133,206,188
ForegroundVisited=152,0,93

[Colors:Selection]
BackgroundAlternate=0,157,220
BackgroundNormal=0,157,220
DecorationFocus=0,157,220
DecorationHover=0,157,220
ForegroundActive=0,133,62
ForegroundInactive=28,63,149
ForegroundLink=0,157,220
ForegroundNegative=176,97,16
ForegroundNeutral=217,216,216
ForegroundNormal=28,63,149
ForegroundPositive=133,206,188
ForegroundVisited=152,0,93

[Colors:Tooltip]
BackgroundAlternate=35,31,32
BackgroundNormal=35,31,32
DecorationFocus=0,157,220
DecorationHover=0,157,220
ForegroundActive=0,133,62
ForegroundInactive=217,216,216
ForegroundLink=0,157,220
ForegroundNegative=176,97,16
ForegroundNeutral=217,216,216
ForegroundNormal=231,231,232
ForegroundPositive=133,206,188
ForegroundVisited=152,0,93

[Colors:View]
BackgroundAlternate=35,31,32
BackgroundNormal=35,31,32
DecorationFocus=0,157,220
DecorationHover=0,157,220
ForegroundActive=0,133,62
ForegroundInactive=217,216,216
ForegroundLink=0,157,220
ForegroundNegative=176,97,16
ForegroundNeutral=217,216,216
ForegroundNormal=231,231,232
ForegroundPositive=133,206,188
ForegroundVisited=152,0,93

[Colors:Window]
BackgroundAlternate=35,31,32
BackgroundNormal=35,31,32
DecorationFocus=0,157,220
DecorationHover=0,157,220
ForegroundActive=0,133,62
ForegroundInactive=217,216,216
ForegroundLink=0,157,220
ForegroundNegative=176,97,16
ForegroundNeutral=217,216,216
ForegroundNormal=231,231,232
ForegroundPositive=133,206,188
ForegroundVisited=152,0,93

[General]
ColorScheme=London Tube Blue
Name=London Tube Blue
shadeSortColumn=true

[KDE]
contrast=4

[WM]
activeBackground=35,31,32
activeBlend=35,31,32
activeForeground=231,231,232
inactiveBackground=35,31,32
inactiveBlend=35,31,32
inactiveForeground=217,216,216
