[ColorEffects:Disabled]
Color=56,56,56
ColorAmount=0
ColorEffect=0
ContrastAmount=0.65000000000000002
ContrastEffect=1
IntensityAmount=0.10000000000000001
IntensityEffect=2

[ColorEffects:Inactive]
ChangeSelectionColor=true
Color=112,111,110
ColorAmount=0.025000000000000001
ColorEffect=2
ContrastAmount=0.10000000000000001
ContrastEffect=2
Enable=false
IntensityAmount=0
IntensityEffect=0


[Colors:Button]
BackgroundAlternate=40,43,53
BackgroundNormal=40,43,53
DecorationFocus=121,14,173
DecorationHover=121,14,173
ForegroundActive=223,0,2
ForegroundInactive=147,149,153
ForegroundLink=121,14,173
ForegroundNegative=199,124,72
ForegroundNeutral=147,149,153
ForegroundNormal=169,170,174
ForegroundPositive=0,160,190
ForegroundVisited=178,24,137

[Colors:Selection]
BackgroundAlternate=121,14,173
BackgroundNormal=121,14,173
DecorationFocus=121,14,173
DecorationHover=121,14,173
ForegroundActive=223,0,2
ForegroundInactive=61,64,72
ForegroundLink=121,14,173
ForegroundNegative=199,124,72
ForegroundNeutral=147,149,153
ForegroundNormal=61,64,72
ForegroundPositive=0,160,190
ForegroundVisited=178,24,137

[Colors:Tooltip]
BackgroundAlternate=40,43,53
BackgroundNormal=40,43,53
DecorationFocus=121,14,173
DecorationHover=121,14,173
ForegroundActive=223,0,2
ForegroundInactive=147,149,153
ForegroundLink=121,14,173
ForegroundNegative=199,124,72
ForegroundNeutral=147,149,153
ForegroundNormal=169,170,174
ForegroundPositive=0,160,190
ForegroundVisited=178,24,137

[Colors:View]
BackgroundAlternate=40,43,53
BackgroundNormal=40,43,53
DecorationFocus=121,14,173
DecorationHover=121,14,173
ForegroundActive=223,0,2
ForegroundInactive=147,149,153
ForegroundLink=121,14,173
ForegroundNegative=199,124,72
ForegroundNeutral=147,149,153
ForegroundNormal=169,170,174
ForegroundPositive=0,160,190
ForegroundVisited=178,24,137

[Colors:Window]
BackgroundAlternate=40,43,53
BackgroundNormal=40,43,53
DecorationFocus=121,14,173
DecorationHover=121,14,173
ForegroundActive=223,0,2
ForegroundInactive=147,149,153
ForegroundLink=121,14,173
ForegroundNegative=199,124,72
ForegroundNeutral=147,149,153
ForegroundNormal=169,170,174
ForegroundPositive=0,160,190
ForegroundVisited=178,24,137

[General]
ColorScheme=XCode Dusk Blue
Name=XCode Dusk Blue
shadeSortColumn=true

[KDE]
contrast=4

[WM]
activeBackground=40,43,53
activeBlend=40,43,53
activeForeground=169,170,174
inactiveBackground=40,43,53
inactiveBlend=40,43,53
inactiveForeground=147,149,153
